^[[A(base) matz@matz-desktop:~/Documents/3DcuHjDE$ ./demo -r 30 -p 50 -o 1GK4 -e 150000 -j 50000
Optimizing sequence: ABABAABABBBBABBBABBABBBBAABAABBBBBAABABBBABBABBBAABBABBBBBAABABAAABABAABBBBAABABBBBA
 +==============================================================+ 
 |                      EXECUTION PARAMETERS                    | 
 +==============================================================+ 
 | PDB ID                                   1GK4
 | Protein Sequence [84]                   ABABAABABBBBABBBABBABBBBAABAABBBBBAABABBBABBABBBAABBABBBBBAABABAAABABAABBBBAABABBBBA
 | Number of Executions:                    30
 | Population Size:                         50
 | Number of Dimensions:                    163
 | Number of Function Evaluations:          150000
 | Optimization Function:                   3D-AB
 +==============================================================+ 
 | Structure (A | S1)
 | 	 Number of Threads                        32
 | 	 Number of Blocks                         2
 | Structure (B | S2)
 | 	 Number of Threads                        192
 | 	 Number of Blocks                         50
 | Structure (C | S3)
 | 	 Number of Threads                        96
 | 	 Number of Blocks                         50
 +==============================================================+ 
 | Number of Dimensions:        163
 | Protein Length:              84
 | Protein Seq:                 ABABAABABBBBABBBABBABBBBAABAABBBBBAABABBBABBABBBAABBABBBBBAABABAAABABAABBBBAABABBBBA
 | Rho:                         0.900
 | Epsilon                      0.000
 +==============================================================+ 
 | 1  -- Promising region found with value: -24.163578.
 | HJ uses 50118 / 50000 iterations [0.007069650490151055399756785391].
 | 1  -- Conformation 
 | -12.45009, 94.36948, -85.85225, -85.69694, -18.35230, 92.29444, -6.16529, -57.77425, 19.99486, 53.39557, 25.20895, 10.15296, 18.58843, -75.66006, -19.06613, 87.90958, 2.14439, -89.65372, 29.50810, -20.38575, -31.77126, 41.38100, 16.86512, 172.46856, -111.81936, 10.95786, 83.75992, 12.19584, 10.69547, 32.41700, -50.33556, 10.68705, -10.98850, -31.04689, 31.85689, -19.43376, -0.45162, -1.33877, -20.09457, -44.74337, 49.87026, 11.95473, 0.30844, 2.99037, 0.52541, -3.65226, -0.15940, -0.06804, -0.55662, -13.36045, -26.15206, 3.09546, -10.41202, -11.33119, 63.68395, 2.25812, 0.18875, 101.51130, 67.12270, -16.94894, -52.76782, 49.96116, -5.04666, 125.63992, 54.84316, -44.66249, 58.88576, 12.52188, 1.80040, 13.05893, 50.01850, -66.59302, -2.09944, 32.14362, -12.08932, -16.93262, -101.34553, -27.71454, -11.90466, 7.99108, 11.35863, 3.54464, -61.42717, -5.02236, 52.71888, 10.22630, -18.83635, 21.26955, -8.71681, 116.60552, 19.05546, 46.58709, -56.43703, -119.38238, 18.62621, -5.62762, -17.74500, 1.44363, -9.51158, -43.66910, -72.22257, 30.36023, 169.02877, 133.49131, 5.78176, 7.05872, 32.82488, 15.97806, 71.48546, 60.57922, 164.02408, -30.35411, 56.32385, 38.92699, 10.61311, 42.21713, 172.82397, 69.63154, 77.53639, -23.54692, 21.01213, -18.70363, -52.99738, -84.53199, 19.41645, 78.54524, 128.17747, 82.17930, 73.23470, 60.68614, 20.20074, -10.71766, 95.07144, 154.91765, -157.90125, -7.06487, 100.26020, 108.08210, 107.60318, -156.14571, 57.80765, -28.42016, 106.50446, 95.31490, -22.12886, 26.44413, -43.11396, 4.46935, -116.12930, -91.40966, -68.35572, -67.08013, 171.78629, 98.69746, 116.87383, 23.01143, -48.97846, 35.99194, -45.17332, -105.70364, -5.27542, -109.44404, -96.12144, 
 | Execution: 1  Overall Best: -24.1636 -> -43.9735 GPU Time (s): 0.55824078 and HJ Time (s): 16.64254212
 +==============================================================+ 
 | 2  -- Promising region found with value: -15.121168.
 | HJ uses 50113 / 50000 iterations [0.004638397686588107381167045418].
 | 2  -- Conformation 
 | -21.69321, -158.69351, 2.51477, -0.12586, 85.53304, -5.12436, -56.03215, -60.55599, 13.86194, -41.98826, 70.69894, -42.77221, -35.72903, 8.13571, 52.50895, 91.88030, -29.55026, 63.53064, 111.00741, 11.26754, -3.04191, 35.38820, -3.21989, 3.23272, -103.55886, -57.48167, 36.64994, 6.77609, -6.71388, -37.26965, 40.90286, 176.85900, 43.11494, -13.59395, 0.21935, 56.47707, 122.99046, 28.13774, 25.98839, -84.15020, 36.96891, -38.18187, -132.17282, 10.08546, 57.22431, -35.82145, -2.48745, -98.96024, -14.25173, -130.90939, -4.04480, 82.23767, -0.35558, -53.41586, -145.45095, -0.61128, -27.89547, 4.29737, 119.71565, 42.87278, -19.22512, -42.22194, -24.40550, 51.58928, 19.38370, -88.43768, 34.22275, -39.20542, -29.47033, 40.52491, -19.58958, 50.39553, 11.57083, -6.51916, -0.57177, 99.66162, -15.09815, 34.33319, 30.65546, -23.69903, 49.54926, 16.09270, -91.16258, 24.23870, 81.60971, 62.13068, -159.42068, -174.34779, -154.24775, 2.44618, 1.36461, -150.22605, -157.89684, -143.92894, -27.96340, -76.58518, 26.28615, 154.21263, 72.04704, -177.40270, -13.68662, 83.74921, 55.69132, 103.10871, -171.30204, -0.06416, 123.81513, 14.86664, 69.01340, 105.27488, 4.82480, -147.51779, -148.39805, -41.76674, -88.03910, -60.94573, 173.05898, -66.66348, -86.48085, -172.95406, -16.23542, -35.49482, 18.89843, 7.35033, -84.10024, -25.11977, -163.76872, -157.64073, 1.16949, -4.49816, -147.29568, -62.72418, 163.38760, 73.93116, 66.09495, -16.47878, 141.19035, 93.90421, 22.91482, -119.86124, 144.59453, 5.45632, 124.74980, 179.47921, 26.10722, 97.17650, -25.61895, 161.76838, -33.48788, -114.37169, -128.66271, -77.86457, -26.51837, -6.32039, -13.60613, 5.85617, 170.50291, -126.76227, -122.62203, -70.52061, 177.61505, 31.31597, 56.66163, 
 | Execution: 2  Overall Best: -15.1212 -> -47.7124 GPU Time (s): 0.49630618 and HJ Time (s): 16.61663985
 +==============================================================+ 
 | 3  -- Promising region found with value: -28.283504.
 | HJ uses 50101 / 50000 iterations [0.003757102126136366987418924168].
 | 3  -- Conformation 
 | -160.01049, 31.35962, -12.30105, -2.16731, 26.36894, -69.71530, 13.62526, 36.49513, -53.21115, 21.36243, 5.49202, 0.65347, 4.36755, -29.51522, -88.56293, 5.10762, -27.38479, 46.46669, 96.66571, -0.76393, 42.45490, 150.67293, -8.24111, -16.93121, -139.83533, -53.11126, -3.78329, -113.20799, 46.03403, 14.61131, 47.76448, 0.75940, 2.60018, -44.06554, -19.17031, -6.32369, -23.35486, -66.59056, -2.80872, 21.36738, -13.69552, 21.12910, 0.35820, -106.01598, 120.89071, 25.09525, 66.81294, -172.90965, -33.27847, -64.48325, 37.76041, 5.65423, -5.57953, 10.50043, -0.45614, -37.79666, 3.73642, 4.67360, -27.78030, -4.67206, -0.85220, 24.63684, 6.72533, 112.45304, -6.18946, 172.75913, 86.42718, -46.65740, 16.77668, 21.17670, 24.30125, 28.59451, 17.56496, 27.10727, 79.55302, 102.08496, -46.59823, 8.50917, 151.95184, -148.47317, -11.21142, -13.69396, 163.95771, -81.44847, -12.75846, -36.36804, 31.08359, -38.24145, -58.96988, 168.22354, 71.05701, 15.36555, -94.55046, -96.28471, -18.37951, -13.12972, 55.82010, -5.41557, -71.26896, 27.12753, 91.97934, 39.20091, 4.21228, 132.67176, 98.00311, 29.72954, -54.38255, -82.32453, -105.62664, -40.89999, 5.29905, 45.43318, 104.30550, 133.43033, 125.03568, 108.14654, 100.87407, -2.03255, -5.44389, -132.07658, -72.11667, 29.54587, 44.49459, -28.83852, -2.86914, 159.11129, 173.00088, 158.24451, 15.80564, 144.38774, 148.74852, 19.22957, -82.95482, -97.15733, 4.06815, 34.70058, 143.65844, 106.01986, 134.65730, 71.77388, -39.80870, 51.01770, -60.99278, -14.58361, 35.10666, 134.91189, -64.90430, -54.43637, -1.97109, 6.77606, -32.03682, -1.39530, 39.90942, 146.69580, 117.00231, 159.32789, -145.86778, -152.74228, -31.92482, -116.15521, 151.36178, 95.35417, 112.03196, 
 | Execution: 3  Overall Best: -28.2835 -> -43.8289 GPU Time (s): 0.56744550 and HJ Time (s): 16.87126303
 +==============================================================+ 
 | 4  -- Promising region found with value: -18.058430.
 | HJ uses 50257 / 50000 iterations [0.005153775207320119601528407571].
 | 4  -- Conformation 
 | -19.04300, -96.93797, -31.58418, -96.76620, -37.98314, 104.13470, 63.21133, -24.35152, -10.23368, -13.27925, -22.01520, 4.60133, 47.19853, 7.02283, -61.00185, 0.34701, -152.83259, 158.07474, 49.30605, 44.47725, -29.86115, -38.40044, -71.70977, 6.54164, -91.66470, 9.56867, -4.84535, 175.72141, 2.42212, -124.22875, 13.04342, 2.46217, 8.04706, 16.36234, -44.29003, -26.82676, 98.09165, -37.35347, 39.10268, 29.31986, 62.31377, 145.92643, -125.49083, -42.27267, -14.95995, 68.59977, -44.94551, -21.17668, -3.34800, 23.51220, 7.45948, -78.31241, 24.54035, -54.09586, 35.78309, -41.60471, -80.06487, 57.24077, 161.34556, 70.94615, -158.70820, 2.01854, -1.14813, 8.00602, -20.22091, 41.88960, 92.62530, -29.02732, -62.91554, 42.16927, -115.67314, -49.07121, 31.44521, 14.41067, 4.75989, 11.96081, -161.39354, -8.34752, -55.51969, 25.59985, 20.13339, -18.40733, 172.09782, -47.41121, -16.29186, 19.17415, 38.93136, 47.09658, 151.68782, 136.87474, -128.21362, -177.66562, -71.85064, -121.70478, -11.43414, -20.13227, -157.45782, 18.18506, -21.05637, -6.46870, 2.73106, -175.20169, -132.33877, -158.38536, -52.71637, -158.02157, 92.69925, 168.44520, -36.17546, -86.84241, 7.95459, 113.65204, 57.57469, 29.63758, 1.11098, 19.07909, 134.37593, 164.02758, 4.80377, -173.83206, 125.95042, 15.50183, -3.08111, -10.85296, 131.29807, 54.41246, -172.39456, -60.38283, 16.82636, 101.31196, 162.89482, 109.06598, -161.42584, -11.44846, 169.62117, 118.00365, 10.38135, 9.72497, 113.70698, 39.36963, -141.78423, -65.47185, 0.58789, -41.87650, 66.96139, -1.84519, 146.68362, -122.69948, 173.18701, 117.21315, 142.05823, 63.36270, 178.86114, 3.63922, -21.66267, -56.57019, -0.33334, 66.04588, 8.77414, 15.28804, -97.61273, 161.49513, -175.51705, 
 | Execution: 4  Overall Best: -18.0584 -> -52.5169 GPU Time (s): 0.51170016 and HJ Time (s): 16.87267900
 +==============================================================+ 
 | 5  -- Promising region found with value: -26.634012.
 | HJ uses 50061 / 50000 iterations [0.004174557917929296556314167077].
 | 5  -- Conformation 
 | -16.64672, -28.80180, -3.22351, -73.38092, 9.91282, 82.87537, 4.98939, -58.68817, 40.32340, -0.08796, -9.47283, 4.68100, -4.71752, 2.20444, -0.33238, 2.13032, 0.12773, -0.56551, 0.12177, 1.25612, 4.21893, -6.55983, -7.54490, -3.99863, -80.72916, 12.48377, 57.71459, 7.27907, 16.00794, 1.52917, -85.17349, 16.05071, -1.68718, 26.71993, 80.95515, -61.22201, 11.06519, 6.06316, -43.79129, -28.00467, -1.76796, -0.37846, 2.11362, -18.17007, -1.25846, 0.69086, 0.04694, 0.70730, 3.68787, -11.92932, -45.89332, 58.92032, 92.66082, -5.85778, -18.50500, -12.94562, -7.14489, -83.61853, 166.63737, 51.96225, 124.75102, 11.42830, -48.46432, -94.47990, 14.20753, 80.22554, -8.76024, 7.31983, -39.82417, -7.14955, -4.13506, -0.56976, 2.68609, 1.18194, -31.14983, 1.44955, 101.37311, -3.36556, 15.28631, -2.24386, 0.30794, 0.16734, -105.56971, 6.50160, -27.56577, -107.73084, 17.08339, -74.60237, -16.56916, -2.82851, 99.67125, 113.77702, 6.89006, 3.49755, 107.76879, 118.58849, 14.48757, -46.03124, 14.23896, -87.41269, -55.88070, 46.18119, -51.42030, 10.33908, 72.96206, 21.91074, -81.66533, -8.87569, -20.72563, -3.49502, -106.81031, 13.18646, -0.54399, 6.57402, 61.48718, -0.22106, -62.03444, -58.19073, -107.19394, 0.47784, -16.99551, 87.42581, 150.33717, 133.76963, 27.66783, -29.10732, 72.08510, 52.04557, 36.51661, 24.11629, 71.96440, 7.54984, -61.47643, 8.53430, -110.02268, -6.60486, 51.93013, -3.92023, -39.50074, -33.24670, 5.14345, -3.80083, -1.12412, 16.23880, -25.77885, -120.93471, 13.05474, -97.75691, 15.82120, 68.57720, 5.07096, -37.00761, 63.93831, -37.88260, -54.40679, -2.96511, 76.77880, -20.41994, 116.13700, 145.08143, 41.55339, 144.11621, 123.02063, 
 | Execution: 5  Overall Best: -26.6340 -> -34.1793 GPU Time (s): 0.59069745 and HJ Time (s): 16.63475990
 +==============================================================+ 
 | 6  -- Promising region found with value: -33.232281.
 | HJ uses 50092 / 50000 iterations [0.004638397686588107381167045418].
 | 6  -- Conformation 
 | -26.30959, -18.01239, 3.92242, -2.65400, 49.75148, -9.06302, -98.84522, -46.43710, 0.78381, 140.38741, 72.09290, -37.70685, -13.28941, -37.01495, 145.10785, 11.12424, -3.16513, -20.13210, -121.75896, 47.11065, 134.77230, -0.15353, 6.80031, -19.40516, 9.18871, 121.16315, 3.88421, -2.70264, -14.02832, -9.30771, 119.37786, -3.35300, 8.25708, 3.72801, -2.64092, 50.69497, 0.52462, 17.15836, -32.59464, -19.35183, 29.89850, 12.33632, 8.76457, 72.46626, -117.07206, -2.83017, -3.89624, -15.71884, -3.05169, 15.54496, -12.52353, 9.51519, -10.18699, -83.48303, 22.55347, 0.03828, 2.62975, 13.31293, 130.51496, 16.08043, -71.87319, -28.82256, 96.15077, 43.15438, -82.66948, 38.61018, -10.73376, 112.84266, -30.78275, 31.67218, 2.41301, 4.37522, 0.33628, 6.02553, 39.80506, 5.85602, -110.74467, -23.19838, 13.88840, 65.28590, -14.42584, -16.40061, -0.13851, -114.96158, -174.04968, -139.90469, 0.46230, -22.03878, -5.41123, 101.94426, 19.07004, 21.65509, 6.83504, 43.47657, 152.87303, -4.73480, 69.56054, 29.38665, 13.02685, -48.37778, -166.93063, 43.09976, 59.34622, 18.55427, -38.82980, 45.32830, -12.89811, -76.31780, -98.45498, -108.74022, 150.68673, 26.63210, 24.08221, 73.02864, 74.99613, 15.25659, -104.10363, 3.43067, -0.96845, -113.24605, -87.18306, 16.50771, 73.84479, 45.48690, 176.85333, -10.50269, -133.09441, -115.17350, -112.15152, -73.31754, 7.14044, 99.91422, 24.92333, 97.51874, -6.63045, -7.36101, 97.27395, 50.21406, 113.30739, -4.01627, -12.30698, 120.16854, -1.37093, -140.48186, 116.64341, 7.20648, 31.69512, -45.98853, -0.46759, 127.05492, 62.81765, 76.88487, -24.68591, 76.76057, 43.61105, 11.93131, 76.69899, -16.14678, 78.15792, 64.31806, -29.00602, 173.70458, 169.09107, 
 | Execution: 6  Overall Best: -33.2323 -> -51.3718 GPU Time (s): 0.81626312 and HJ Time (s): 16.79631901
 +==============================================================+ 
 | 7  -- Promising region found with value: -36.448380.
 | HJ uses 50303 / 50000 iterations [0.003043252722170457311851032856].
 | 7  -- Conformation 
 | -23.51640, -37.79588, 36.80154, -6.46077, -98.69504, 4.19876, -6.11415, 28.68181, -1.84709, -7.19084, -28.36247, -146.28422, 4.93010, 1.38866, 7.55541, -17.28279, -2.67946, 31.58683, -0.55765, -9.65560, -83.30558, -2.75904, 3.65749, -23.09483, 110.25202, 40.83782, -34.34384, 4.92709, 65.99694, -4.94250, -83.38161, 15.81961, -8.99158, -21.48198, 69.96674, 22.78532, 84.64953, -26.21298, -13.73515, -17.61808, -19.18372, 15.82488, -4.66713, 86.14420, -21.24611, 10.56981, -1.13745, -4.52233, 3.42271, 1.28786, -3.67446, 0.87924, 2.92999, 8.07219, -5.52771, -3.80813, -9.77643, 119.34147, 68.38021, -45.68803, 14.05863, 65.03148, -23.44379, -125.75120, 51.62029, 52.43272, -123.89961, -8.12470, 79.68398, -95.26562, 35.52907, -40.92593, 108.05853, 74.17350, 81.71208, 9.92640, 13.68497, -10.33154, -56.79712, -14.22044, 14.73007, -22.85650, -19.20187, 144.86025, 131.86317, 132.29640, -41.95798, 19.93898, 3.67877, -64.65069, -166.68813, 165.76397, 149.32591, -1.79186, -102.61091, -94.25091, 5.63813, 72.88324, 20.34401, -86.08490, -102.15438, 7.70511, -138.38419, -103.62325, -77.51234, -32.88178, 67.48908, 14.98511, 61.33245, 16.90919, 80.05414, -12.21567, 89.57374, 99.85581, 122.38239, 28.20110, -81.86933, 17.71185, 117.80415, 52.26945, 53.42932, -51.67063, -116.62460, -56.64816, 18.49435, 155.70002, 50.30048, 93.46716, 103.34902, 36.56861, -18.58429, -4.93654, 99.27534, 159.34036, 56.67519, 160.05143, 58.57154, 53.42891, 41.51918, -2.04167, -21.46754, 70.75491, -168.02362, -55.54226, 19.97010, -142.88126, -28.88294, -123.17707, 42.03698, 133.17262, -22.42348, 176.85759, 28.59038, 42.89103, 10.23341, 5.23165, 80.11310, -32.55501, 61.82871, 17.73242, -63.57817, -132.66279, -158.99364, 
 | Execution: 7  Overall Best: -36.4484 -> -50.9587 GPU Time (s): 0.99829553 and HJ Time (s): 16.92036700
 +==============================================================+ 
 | 8  -- Promising region found with value: -23.750517.
 | HJ uses 50395 / 50000 iterations [0.004638397686588107381167045418].
 | 8  -- Conformation 
 | -22.01583, -8.73927, 2.75734, 5.89536, 87.26818, -21.87081, -29.33421, -42.99465, 7.28478, -47.02311, 6.53879, 14.98222, -28.93026, 26.98130, 64.99267, -26.13341, -2.61089, 50.04124, -57.57170, -159.88740, 44.44428, -106.50220, 19.78390, -125.28487, -139.53254, -34.57844, -2.20109, -7.25154, -50.52620, -7.08312, 68.48020, -9.72558, -18.23690, 86.25319, 52.17972, 16.56130, 3.23496, -63.45258, -31.76304, 16.08613, 38.36410, 6.40924, -21.82052, 32.69918, -11.78640, -6.63771, 22.74476, -0.91520, -0.07180, 9.21994, 26.57986, 12.74431, 60.65748, 3.28559, -99.41753, -40.13495, 44.56918, 25.32007, 73.66521, -11.46710, -28.03503, 120.28990, -98.85245, -89.64780, -147.63015, 75.10112, -13.12677, -10.66525, -12.11924, 4.77388, -36.67235, -81.73848, -169.94670, 39.05586, -1.27255, -14.79952, 10.57405, 38.71850, -75.57795, 7.28674, -2.28234, -0.59395, -9.76217, 103.40979, 84.60874, 152.73427, -73.60964, 14.04127, -0.74297, 112.51765, 32.31133, 36.32005, 141.38648, 120.50101, -155.91470, 123.56094, -19.96545, -84.34068, -119.74115, 24.92380, 116.87436, 47.02178, -131.88922, -49.66027, -160.19159, 124.52290, -162.56247, -98.11681, -141.60097, -170.91702, -59.21027, -49.53716, 171.55899, 152.71369, 47.08276, -38.87230, -161.20237, -58.79171, -38.57192, -144.12442, -77.21785, 27.72410, 67.94082, 9.65574, 132.77363, 76.42406, -23.56848, -62.47669, -94.92861, -114.20245, -173.40814, -148.24815, -42.09782, 12.26671, 3.52578, -5.13827, -114.32820, -78.81668, -41.18763, -117.42655, 152.71729, -111.62201, 41.09682, 130.37701, 17.81996, 70.16601, -8.75242, 27.05141, -84.32276, -90.12354, -71.89724, -26.17168, -22.10414, 6.45870, -157.46261, -135.41464, -74.96132, 35.56286, 15.59413, 153.42050, -10.73478, -112.18243, -94.98287, 
 | Execution: 8  Overall Best: -23.7505 -> -46.3107 GPU Time (s): 0.54728192 and HJ Time (s): 17.01111197
 +==============================================================+ 
 | 9  -- Promising region found with value: -23.429428.
 | HJ uses 50078 / 50000 iterations [0.003043252722170457311851032856].
 | 9  -- Conformation 
 | -11.83172, 2.78473, 86.28380, -34.43514, 69.02207, -5.10917, 65.91682, -32.27062, -30.24250, 13.68899, 3.50419, -3.18728, 20.37194, -2.11027, 1.25419, -0.51235, -2.30534, 7.47911, -3.27147, 13.05146, -1.29953, -16.49063, -5.10378, -6.45304, -68.60240, -2.13012, 74.06444, 0.83200, 3.93735, -51.66763, 49.52585, -9.71188, -0.59457, 0.31097, 1.22163, -4.85750, -4.98258, -3.14460, -0.99561, 3.97010, -1.92303, 10.06700, 2.71241, 5.01835, 0.90177, 20.48045, 0.92036, -16.67865, 127.43966, 50.74718, -40.41793, 61.57943, -51.73156, 18.73011, -55.71937, 26.31456, 19.03025, -2.71316, 101.33954, -33.42466, 44.54574, -68.47077, -105.45638, -2.29706, 41.95487, -4.70064, -32.03702, 28.86893, -14.46383, -2.18831, -0.97552, 0.34772, -0.92993, -2.36090, 17.07345, 11.60505, -14.01318, -25.63011, -37.86473, 26.90174, 14.74127, 2.27300, -90.76559, 158.79316, 77.87651, 150.58307, -109.47955, 159.28905, 32.32921, 133.80684, 20.11451, 26.35524, 129.92604, 85.08252, -14.50253, -58.77340, 44.16377, -13.73070, 2.03855, 106.59296, 165.16425, 63.73030, -6.25964, 14.25033, -13.31649, -4.86178, 148.99623, 40.64314, 80.32122, 113.90852, 1.22707, -0.60831, 114.06406, 94.18865, 129.69911, 69.26347, -42.30623, 58.94222, -16.91340, 79.81531, 97.72624, -157.58503, -159.88458, 145.98445, 42.21286, 93.31310, -6.35714, -17.73642, -16.55561, 154.18632, -161.76181, -170.91653, 127.13981, 18.93209, 8.09128, 164.85208, 147.06306, 109.77815, 166.40200, 49.40346, 5.82061, 5.14214, -21.54016, -26.03899, 166.96524, -179.35033, 57.25921, 163.87299, 10.33898, -25.60654, 46.49705, 22.76749, 124.06354, 22.32600, 30.31747, 51.45094, -8.57492, -124.75397, -17.37825, -4.48008, -141.18142, 122.21250, 158.49658, 
 | Execution: 9  Overall Best: -23.4294 -> -41.9734 GPU Time (s): 0.53314240 and HJ Time (s): 16.58608007
 +==============================================================+ 
 | 10 -- Promising region found with value: -16.353868.
 | HJ uses 50019 / 50000 iterations [0.006362685441135949686308759254].
 | 10 -- Conformation 
 | -17.27139, -176.75508, 95.66156, -42.67449, 1.67935, -84.61134, -13.27658, -31.07218, 16.57713, -59.50522, 66.45969, -29.09226, 103.25456, 9.39270, -47.25150, 5.16286, 5.50324, 2.20932, 32.62166, 78.28130, 13.36480, -57.82836, -50.61405, -74.55692, 25.28868, 17.07547, -76.91802, -56.90038, -53.74355, -65.11641, -102.34063, -87.73006, 0.68064, 6.07684, -78.69612, -6.17214, -71.08466, -6.17302, -93.32579, 110.60141, 4.38694, -56.57251, -6.71300, -48.80410, 20.41353, 2.15571, -0.55245, 17.66732, -52.16947, -18.88352, -81.05222, 41.43575, -80.60047, 88.91712, 14.78459, 72.52855, 61.72221, -5.83626, 93.11172, -172.53710, 56.70478, -54.87665, -55.40875, -41.50463, -0.53756, 131.89446, -148.96825, -24.64906, -30.31792, 30.26713, -84.82580, 162.38713, -108.69152, 32.12309, -156.98380, 78.35146, -162.09290, -114.36366, -80.13743, 35.10364, 13.42570, 59.78406, -80.98245, 158.33733, 80.30088, 24.12443, -113.64081, 5.06475, -77.35374, 19.28567, -81.03548, -60.62810, 161.57000, 13.85995, -7.98474, 6.59110, 131.61638, 164.73726, 163.94927, 54.02637, -11.18220, 97.25832, 18.60595, 55.38140, 29.55277, 52.72327, -61.15865, -141.03535, -117.64437, -156.43660, -62.21623, 18.48772, 37.47723, 67.46843, -3.35952, -15.11094, 125.51275, -2.82202, -18.37671, 131.54693, 0.84632, -3.48183, 15.39784, -13.86930, -133.68542, -160.54926, -64.61965, -93.35001, -13.38870, 41.86730, 99.75587, 47.10545, -133.24062, -90.64493, 171.57525, -7.66839, -29.69744, -24.09675, -104.44651, -22.61237, 74.12280, -2.87651, 13.69637, 9.51603, 122.42202, 135.95535, 160.57404, -13.40427, 77.77979, 63.13840, 58.52631, 167.47136, 29.62801, -27.46875, -105.89259, -3.50634, -153.05228, -174.30164, -62.92601, -31.72891, 117.35207, 11.37322, 8.12873, 
 | Execution: 10 Overall Best: -16.3539 -> -49.1898 GPU Time (s): 0.53730609 and HJ Time (s): 16.66964388
 +==============================================================+ 
 | 11 -- Promising region found with value: -20.417799.
 | HJ uses 50124 / 50000 iterations [0.004174557917929296556314167077].
 | 11 -- Conformation 
 | -19.10004, -3.46984, 18.84857, 18.58578, -83.99226, 16.30243, 84.10633, 16.60319, -0.96503, -179.19138, -39.58472, 19.99803, 20.34531, 2.94715, 5.99782, -42.17979, -0.91029, -11.23837, 10.66660, 11.34967, 9.27593, -7.68021, -10.07347, -10.74790, 75.76729, -44.39000, -89.91606, -36.40157, 7.49708, -63.01949, 39.68676, -3.23525, 2.13031, -28.80938, 20.33692, 20.25063, 3.94687, 3.60189, 21.28448, -26.97698, 36.48392, 19.56008, -122.91101, -9.31301, -8.33665, -1.92979, -3.27617, 6.78415, 28.13017, -11.30505, 12.79340, 62.06513, -55.01905, -22.20077, -11.97692, -96.90146, -3.35764, -14.02966, 2.74294, 28.50412, -30.11001, 35.64607, 24.03286, 104.63206, 40.32638, 94.54881, 178.16350, 22.76240, 0.89255, 17.72840, -3.71153, -0.22544, -3.29504, -4.74300, 28.26574, -25.16690, 17.57788, 9.05791, -1.01573, -65.08214, -23.49042, -175.77350, -86.65165, 25.53613, 83.71947, 159.18391, -126.49510, 3.00326, 5.74254, 89.11619, 9.34767, -170.95081, -40.73988, -12.16706, 88.90443, 65.22641, -31.95074, -91.04191, -31.18392, 71.68954, 13.24926, 114.61787, 11.46042, -8.89717, -72.74139, -2.69416, 50.99977, 0.39742, 41.70829, 102.41748, -9.65341, -2.46767, 103.13760, 69.15090, 86.44020, 27.43072, -84.19541, 18.45601, 80.02694, 3.85913, -33.32340, -168.98810, -83.04650, 174.29618, -84.50262, -30.26664, 68.69992, 104.99801, 81.94459, 46.18843, -30.21632, -122.05379, -4.96148, 122.70904, 71.84765, -29.60435, -125.73364, -26.88656, 40.94105, -27.06333, -144.47977, -15.07840, 175.03607, -152.60404, 107.41190, 72.71097, -32.45085, -6.32319, -56.07891, -51.70696, -24.90576, 4.76014, -83.87954, 17.98036, 38.80383, 106.32522, 40.53390, -66.50985, 36.54672, 95.37422, 161.69220, -106.56293, -65.03967, 
 | Execution: 11 Overall Best: -20.4178 -> -40.9855 GPU Time (s): 0.55012762 and HJ Time (s): 16.56940103
 +==============================================================+ 
 | 12 -- Promising region found with value: -31.007687.
 | HJ uses 50222 / 50000 iterations [0.003757102126136366987418924168].
 | 12 -- Conformation 
 | -25.07473, -9.63271, 85.30806, 49.74177, 7.64699, 47.23434, -3.00555, -4.50890, -1.70309, -32.79002, 19.77984, 123.75771, -1.24113, -14.09663, -0.70666, -43.33742, 44.54452, -30.78109, 7.80041, 101.83936, 26.33652, -10.52218, -35.51778, -9.16530, -23.97077, 89.00173, 0.50816, -1.98311, -74.79464, -39.37161, 39.18650, -21.18300, -10.35106, -63.07158, -13.38165, -1.06273, 52.47295, 87.88871, 44.96670, -2.39341, 4.97091, -5.42494, -26.83487, -99.21401, 9.18055, -10.61193, -15.97862, 54.10559, -1.39323, 2.36119, -19.50521, -98.00891, -31.33909, -15.02979, 11.12845, -15.78335, -29.16092, 115.66913, -55.89886, 2.30757, 116.33132, 77.49019, -104.51747, -42.98792, -124.66969, -17.25860, -5.32191, -67.14526, -0.43558, -28.40058, 16.60989, -99.54381, -11.55240, -41.72489, -13.91249, 49.54384, 160.11873, 7.24057, -21.02624, 50.77223, 6.35830, -1.11709, 81.04085, -154.59230, -99.41550, -39.28791, 70.31868, -24.09848, -14.22810, 88.19376, -13.10156, -32.80556, 12.15684, 92.02887, 149.56115, 85.08822, -20.35009, 8.87246, 125.42938, 8.45965, 173.37422, -53.23586, -99.09445, -60.72963, -127.35641, -53.03911, 133.75941, 134.43447, 136.57268, 27.17956, 130.56573, -8.42589, -30.72048, -61.29198, 19.97049, 97.29483, 107.67688, -5.51434, -0.60772, -105.74855, -69.76570, 38.75461, 76.04277, 31.25564, -53.37906, -168.75668, -71.78761, -137.67732, -17.98996, -75.51280, -166.20537, 111.53251, -157.46177, -101.59496, -12.17654, -119.31670, -177.20827, -178.96940, 35.97093, 156.22103, -90.65563, 7.70147, -112.15646, 6.43981, 22.83957, 9.76957, -30.97351, -27.44446, -178.97467, -166.67753, -116.82811, -82.38364, 164.89960, 58.61173, 80.84971, 44.57014, 5.62717, -22.54193, -49.09898, 4.80646, -26.50103, -139.55150, -101.45636, 
 | Execution: 12 Overall Best: -31.0077 -> -57.9725 GPU Time (s): 0.58225458 and HJ Time (s): 16.59845209
 +==============================================================+ 
 | 13 -- Promising region found with value: -22.160595.
 | HJ uses 50240 / 50000 iterations [0.006362685441135949686308759254].
 | 13 -- Conformation 
 | -19.19244, -4.70349, -80.03963, -1.56357, 46.10314, -6.31219, -93.66808, -16.21494, 0.40075, 15.80824, 0.03972, -40.82158, -21.13413, 3.93921, -3.11906, 0.03642, 12.26239, -30.03891, -113.94010, -100.30936, -6.21811, -9.22754, -80.21500, -1.26763, -10.66381, -122.32024, -12.43969, 96.24392, -50.40605, 50.64718, 48.12544, -1.88975, 154.57555, -140.76471, 10.43073, 7.86354, -19.86213, 99.47680, -18.44961, 1.36837, 19.66056, 2.03495, -3.07833, 179.56727, 125.59824, 25.31308, 6.46678, -25.35962, -8.72021, -26.53692, -63.72255, 32.84452, -70.63086, -52.65550, 109.53971, 64.77994, 74.83433, 41.42094, -19.61867, -93.54954, 50.23140, -15.77137, 39.27527, 4.86477, 94.54426, -51.65585, 49.74627, -27.90300, -174.28944, -5.09349, 35.28863, 10.29973, 110.72939, 2.16241, 4.99204, -0.99370, -10.43746, 0.01800, 156.93893, 58.23018, 12.51181, -10.37354, -44.12156, 164.01497, 99.01737, 35.05079, -69.80844, 169.16675, 159.54177, 51.94572, 122.88726, 83.45747, -17.52879, -71.72784, 25.41281, -13.81536, -94.08519, -43.94452, -46.57535, 26.08431, 17.03279, -110.26885, -97.09874, -13.15919, 8.00033, 94.43097, -24.38609, 173.90768, 57.85699, -166.58136, 54.89828, 160.44828, 177.27420, -6.22597, -9.35975, 128.97607, 16.01218, 15.05477, 156.71875, -69.37241, -93.83747, 10.61166, 71.79363, 57.62830, 24.07581, 6.67289, -53.38683, 26.87799, -29.32873, -109.00200, -20.83737, 62.77328, -6.59807, -156.64659, -47.86657, -26.29637, 36.19298, -37.80150, -50.75005, -141.94872, 18.09860, 179.88477, -23.32000, -8.23433, 93.81762, 143.42368, -74.19590, 160.01505, -52.06486, 140.06820, 109.11449, 132.62299, 83.14174, 26.32593, 87.31747, 6.99444, -78.51166, -46.76964, -152.76688, -7.59710, 39.23446, -50.37171, 11.41667, 
 | Execution: 13 Overall Best: -22.1606 -> -40.9979 GPU Time (s): 0.54789325 and HJ Time (s): 16.54788804
 +==============================================================+ 
 | 14 -- Promising region found with value: -14.439060.
 | HJ uses 50078 / 50000 iterations [0.007069650490151055399756785391].
 | 14 -- Conformation 
 | -16.99819, 29.35957, -78.41412, 0.76138, 26.05673, -17.97319, -36.01066, -28.98633, -92.38455, 8.26941, -12.86895, 0.54727, -47.57441, 25.08448, -3.91705, -28.24128, -18.41682, -75.08894, -1.73614, 88.93826, 31.23279, -2.68987, -51.46930, -23.64311, -73.37315, 178.56193, -44.13171, 126.72036, 79.00622, -16.56761, 9.55201, -28.28861, 19.90528, -2.91378, -169.57953, -55.24688, -6.59660, -2.19818, 10.36570, -12.66495, 5.13648, -1.64582, -15.95852, 12.33938, 32.52594, -8.09344, -47.47652, 71.07394, -10.40729, 146.21008, -168.46279, -74.07275, -8.04755, -43.85283, 30.68521, -25.13238, 0.93735, 9.92783, 0.41558, -0.52389, -30.36328, -4.91862, -43.80648, -112.10168, 68.86088, 7.02321, -15.26771, -76.11474, -5.63703, 3.95738, -6.76687, 0.55083, 6.86756, 1.05653, -10.06528, -24.99819, -23.64113, 78.62579, -64.97422, -0.79397, 1.71659, 17.65535, -102.36082, 27.33931, 69.49019, 12.66501, -103.02656, -87.72261, -132.54104, -4.34110, -16.85960, -77.56678, 178.68689, 164.77509, 132.10490, -166.31801, -60.61662, -36.48093, -75.78057, 165.67434, 10.35344, 33.69530, -62.36475, -28.32318, -72.66583, -15.55901, 48.53037, -168.03996, -1.56321, 19.66332, 107.82292, 170.58148, 64.98206, 120.06354, 67.10211, 168.01217, 177.73249, 69.50590, 126.64938, 25.28690, 82.06947, 75.67994, 109.47682, 144.09441, 35.80659, 70.67788, 74.42882, 5.90744, -132.63826, -155.80486, -2.97343, -38.73812, 22.59645, 75.12487, -26.71567, -175.33461, 156.31509, 169.28036, 113.77328, 171.31250, -76.04907, -144.37449, -26.91721, -34.53978, 63.12304, 179.27390, -39.02603, 52.43367, -45.86982, -122.71464, -104.02108, -65.07658, -165.12575, -62.27391, -85.21069, -56.93407, -117.98918, 130.15994, -23.97891, 170.95305, -85.60413, 15.48286, -19.20701, 
 | Execution: 14 Overall Best: -14.4391 -> -36.4376 GPU Time (s): 0.63729669 and HJ Time (s): 16.57389998
 +==============================================================+ 
 | 15 -- Promising region found with value: -22.431175.
 | HJ uses 50203 / 50000 iterations [0.005153775207320119601528407571].
 | 15 -- Conformation 
 | -21.25718, 76.84953, -66.72486, -64.82357, 11.30238, -6.89334, 16.95008, 27.63286, -52.56449, -0.36458, -69.38332, 66.07752, -89.57586, 87.07976, 81.84305, -2.58966, -22.85090, 23.95982, -11.02697, 2.12845, -8.59108, 0.40003, 6.72854, -19.63090, 44.70239, -28.65373, 21.36180, -3.98456, -25.29094, 77.80417, 0.14859, -27.33167, 0.88174, -165.20775, -19.77756, 21.82722, 14.62131, 67.34958, -11.32793, 9.01952, 18.00079, -27.08912, 11.64312, 6.78003, 1.83987, 60.66703, 3.28353, -79.90156, -36.85801, -15.13669, 41.52641, 87.91417, 52.18706, -34.08802, -2.73032, -2.75201, 2.70814, 1.24708, 72.75852, -3.76588, 15.22635, 71.94957, -115.93663, -2.50870, 0.13474, 29.08098, -172.49909, -141.40640, 4.59608, 20.54177, -0.93955, -95.09253, 4.87828, -5.70526, -7.79066, 7.35636, 29.31329, -12.88504, 78.21553, -2.49025, 93.22071, -45.73766, 22.85552, 34.29062, -34.88466, -35.47447, -150.87546, -110.23869, -144.60723, 6.67577, 95.79077, 122.29044, 173.52872, 51.72371, 25.80425, -15.39740, 120.32584, 30.14456, -44.48894, 54.71722, 117.52022, 15.14683, 117.53623, 107.22290, 110.73654, 164.08103, -40.45155, 13.47040, 4.25360, 10.37401, 11.41467, -97.58206, 5.94799, -9.17980, -147.16384, 16.26465, 141.03999, 37.42281, 32.36717, -174.13357, -112.45620, -5.83582, -1.30035, -6.48433, 96.94904, 34.28675, -39.67639, -100.70396, -6.44275, 62.23072, 69.79146, 122.83794, 7.56807, -45.64810, 167.06600, 88.75298, -6.50833, 43.49538, -16.50603, -17.85943, 132.60838, 63.03699, -170.59527, -4.06793, 99.17280, 90.12552, -19.93885, -154.03334, -33.49105, -79.26033, -0.29030, 18.22782, -33.71736, -135.57570, -177.19043, 163.68492, -125.28698, -9.74019, -122.42621, -44.86241, 172.44993, -159.64374, -64.31595, 
 | Execution: 15 Overall Best: -22.4312 -> -52.7884 GPU Time (s): 0.53736957 and HJ Time (s): 16.61158085
 +==============================================================+ 
 | 16 -- Promising region found with value: -18.190102.
 | HJ uses 50041 / 50000 iterations [0.004638397686588107381167045418].
 | 16 -- Conformation 
 | -22.24980, -15.90719, -78.48858, 17.87364, -98.23919, -101.73555, 92.40386, -40.14542, -9.99827, -33.60563, -13.32802, 16.54786, -9.63303, 81.72563, 34.21936, 107.72203, -3.10342, -81.45422, -6.85104, -78.55204, 20.00890, 18.57806, -30.50028, 55.94249, 8.67796, -73.52235, -74.56056, -53.97048, 5.68314, -3.30090, -2.93961, 15.34622, -11.69468, 2.02794, 35.52186, -10.53680, 21.06024, 0.53854, -21.41292, 16.72660, -40.52952, 24.06174, -1.81617, 0.43238, 0.30486, -42.11096, -3.72489, 73.33338, -28.76538, -4.84651, -16.06353, 89.36294, -31.01311, -5.24785, 39.97661, 8.04725, 7.45819, -28.05680, 60.44503, -41.70670, 14.96619, 68.88487, 14.14108, 6.28786, -8.12011, 43.83835, 64.88704, -37.42075, 1.98473, -17.02461, 3.54249, 6.43682, -3.67372, -18.64239, -18.96095, -8.31187, 0.28962, -64.00641, -45.90198, 21.45118, 7.83832, -53.03642, 104.63948, -17.00720, -9.82658, 113.36628, 1.10305, 148.85630, 26.87231, -73.14604, -25.13467, -11.58236, 93.12501, 152.34261, -5.39275, 45.30531, -179.96746, 64.82810, 174.84661, -33.83169, -25.00616, 13.07775, 114.33021, 101.84419, 54.63374, 139.96364, -27.14369, -50.68407, -75.25239, -134.17927, -119.58862, -16.86495, 45.04674, -5.08114, -43.98981, 8.39887, 133.64121, 76.94082, 93.63227, -169.77841, 143.94102, 15.01967, 33.96477, 78.13822, -25.90084, -86.59297, 11.97054, -2.45844, -36.57310, 178.75886, 95.60000, 6.07952, -1.05199, -143.12240, 120.10149, 9.37290, -44.86438, -10.10188, -51.17288, -41.34880, 131.10847, 9.26414, 146.90822, 117.36156, 3.95797, -23.25194, -159.75947, -151.84989, 151.94890, 64.56142, 72.30638, 109.09906, 7.79408, 110.05629, 129.41132, -178.61774, 118.96469, 6.71057, 138.94666, 170.38809, -103.77881, -13.15601, -27.10453, 
 | Execution: 16 Overall Best: -18.1901 -> -44.4537 GPU Time (s): 0.51768927 and HJ Time (s): 16.59223795
 +==============================================================+ 
 | 17 -- Promising region found with value: -17.521702.
 | HJ uses 50194 / 50000 iterations [0.005726416897022354630941709530].
 | 17 -- Conformation 
 | 77.27331, 2.55849, -64.01856, 22.85735, 69.64790, -79.58109, -10.92382, -30.89105, -104.29019, -23.69077, -3.87863, 75.70023, -27.31653, 65.29024, -34.85028, 101.82417, -27.30677, 61.67950, 19.83172, -137.89627, -31.58368, 8.04470, 19.36527, 77.85221, -15.60521, -49.33042, -8.65633, 4.40490, 1.07366, 1.62751, 1.89649, 8.07370, 10.63817, -0.80913, -56.85316, 33.37957, 7.57981, -11.48258, -42.48331, 47.02317, 10.81928, -2.00971, 59.81518, -25.89087, -22.00789, 4.08958, -4.62694, -13.89293, 4.96642, 36.87062, 23.66255, 93.60950, 39.19022, 7.97630, -83.72969, -6.18628, 40.68697, 63.41172, 5.47830, 73.87893, 89.88560, 48.28506, -117.10469, -6.13824, -21.01673, -34.80442, 2.92678, 8.04065, 63.89016, -25.65988, 7.33905, 26.42521, 1.04170, 1.16927, 0.01673, 2.40673, -0.67169, 8.69079, 18.52161, -19.77358, 0.14136, -0.88788, -123.87688, 137.68207, 51.81194, -15.62018, -45.76817, -103.68122, -114.77865, -6.17644, 131.21185, 122.68100, -155.90079, -32.15898, 166.05323, 48.30172, 15.96058, 97.37147, 11.50296, 119.55420, -1.44463, 8.03954, 114.59711, 73.11318, 0.27550, -65.08173, 45.09997, 107.72288, 83.73997, 86.57483, -16.19915, 88.02059, -8.47754, -19.94198, -92.14369, -25.56726, 59.54880, -40.04802, -107.53095, -4.09723, -126.63267, 133.87520, 68.15389, 86.26856, -15.22997, -40.96398, -136.72175, -80.53625, -120.55685, -136.17957, -165.35901, -164.32218, 0.57485, -0.72282, -32.14511, -8.10120, -161.62274, -173.95583, 166.06104, 157.10093, -11.82876, 5.76296, -113.45631, -8.31666, -7.59653, -56.66728, 53.68403, 9.17981, 121.47962, -162.42881, -24.38627, -80.69007, 19.39347, -81.81702, -64.87407, -89.27536, -29.46139, 82.78749, -16.90161, 46.23586, -7.13865, -110.65807, -71.32315, 
 | Execution: 17 Overall Best: -17.5217 -> -40.5996 GPU Time (s): 0.52368176 and HJ Time (s): 16.72215009
 +==============================================================+ 
 | 18 -- Promising region found with value: -19.347631.
 | HJ uses 50213 / 50000 iterations [0.005153775207320119601528407571].
 | 18 -- Conformation 
 | -23.57722, 49.18336, -8.99328, 79.59089, -39.61206, -80.13034, 20.54449, -119.42949, -2.03770, -87.54678, 8.85037, 13.66992, 62.45012, 146.91164, -164.71257, -65.22132, 1.44721, 2.43505, -8.59746, 67.13610, -37.62356, 52.30322, 3.23748, -152.36086, -22.64477, -114.51333, -4.68957, 9.64218, -5.20689, -1.65131, -58.05205, -5.10807, -37.11094, 75.86885, 31.55302, -40.33891, -132.69023, -21.03994, 30.75914, 7.57181, 8.25544, -51.87413, 14.83905, 99.57094, -61.10388, -2.39030, 5.43391, -38.18900, -10.48280, -15.76720, 1.91610, -35.40110, 51.49745, -11.23184, 23.38801, 56.25141, -65.49024, -8.83118, -58.97486, -6.72925, -79.52232, -11.39719, 58.15329, -11.90411, -55.54152, 41.95646, 37.02141, 139.51422, 46.38729, 17.10673, -137.55040, -49.50350, 7.49175, 27.53611, 39.83806, -31.55499, -45.46474, 10.90044, -20.38882, 79.89048, 18.97753, -0.83189, -66.78640, 37.23937, 153.89086, 84.78505, -160.44176, 75.90847, 131.05333, -37.68114, -34.48928, -108.14824, -3.66666, 49.93083, -20.06683, -20.98423, 118.33248, 142.49517, 146.74256, 42.26607, 127.18846, -26.81464, 17.51858, 36.02282, 165.42061, -58.24772, 27.98848, 113.69792, 123.95210, 69.48702, 11.67167, -12.87518, -97.71470, -113.59038, 4.96622, 83.04801, -158.98577, 147.19402, 3.33654, 113.96196, 45.42381, -55.71687, -36.03162, -97.05557, 12.53874, 144.45219, 134.70820, 84.90598, 47.46248, 74.08032, 133.74838, 73.63950, -28.00329, -152.31541, -42.10299, 31.50236, 138.45295, 21.55520, -3.94958, 30.52241, 166.97592, 11.09085, -136.10690, -39.91532, -171.80988, -159.19745, 115.62526, 80.88895, -156.30211, -149.08149, 165.72451, 18.40752, -42.25642, 47.01785, -13.77095, -74.70839, -28.16398, 84.74714, -1.00908, 6.94261, -0.30993, 113.53362, 73.26697, 
 | Execution: 18 Overall Best: -19.3476 -> -50.6405 GPU Time (s): 0.51236969 and HJ Time (s): 17.02527285
 +==============================================================+ 
 | 19 -- Promising region found with value: -16.822712.
 | HJ uses 50020 / 50000 iterations [0.005726416897022354630941709530].
 | 19 -- Conformation 
 | -19.75276, 1.29905, 0.62893, 109.85089, -61.92787, 159.34702, -13.05817, 27.68317, 63.50637, -119.86423, 38.62504, -60.90373, 51.59629, 65.57723, -105.16983, -33.38581, -27.57545, -66.07113, -44.38896, -78.42087, 10.17193, -24.44529, -31.17563, -4.68757, -84.16227, -27.47529, 72.66506, -23.40969, -21.86135, 22.65225, 15.53578, -45.38371, 113.33983, 69.89113, 59.25435, -105.26137, -6.18215, 2.87992, 121.35184, -1.70033, 16.09562, 170.06305, 174.07344, -81.63705, -111.66895, 29.93245, -73.58607, 129.62169, -0.20944, -37.28282, 4.74679, -1.21181, 24.38971, -7.73974, 168.46713, 73.93361, -136.91439, 155.02346, -42.54211, -66.70847, 99.55020, -19.62881, -1.51047, -18.18221, -131.38613, -22.95705, -72.54582, -95.18638, 13.94344, -12.27858, -7.83773, -1.37803, 14.85561, -12.85651, 84.00955, 171.65635, -76.14686, -4.24809, -1.41926, -6.75034, 0.47235, 5.08110, 72.78468, -39.57431, -36.24023, 135.75011, 168.05165, 112.88629, 64.64207, -34.61525, 116.09400, 0.53562, 8.32799, -152.47628, -50.07693, 178.50443, 11.15975, 37.71024, 33.42579, 140.43374, 165.15181, -40.10127, -150.01022, -158.43499, -156.85000, -133.99129, 1.50321, -136.14719, -43.78480, -47.56317, 46.08423, -55.65835, -176.26793, -29.92172, -8.54725, -68.73527, 2.80341, -63.87182, -74.64534, -122.08394, -18.29286, -87.22588, -45.44785, 14.25055, 110.14536, 135.82053, 44.76155, 161.76916, 4.04564, 141.09672, 52.16669, -28.10751, 77.14612, 29.14405, 135.52962, -27.41583, 179.27595, 15.63579, 19.59403, -126.76169, -10.31270, -135.88266, 57.61555, 75.29847, -172.54485, 17.10049, -24.19774, -0.63778, -118.86352, -68.90466, -89.61983, -116.65647, -11.46106, -117.57036, -91.60570, -37.60377, -29.62025, 7.11754, -96.53795, -93.92890, 5.69983, 68.43883, 92.56586, 
 | Execution: 19 Overall Best: -16.8227 -> -42.8054 GPU Time (s): 0.52871381 and HJ Time (s): 16.81549287
 +==============================================================+ 
 | 20 -- Promising region found with value: -24.482655.
 | HJ uses 50079 / 50000 iterations [0.005726416897022354630941709530].
 | 20 -- Conformation 
 | -21.57487, -3.05807, -116.96106, -15.04734, -37.84177, 25.70829, -21.76197, 13.35393, -6.98301, 17.05642, 3.85529, -74.64692, -6.93577, 19.65255, -126.93619, -23.08736, -12.36042, -2.71468, 16.05162, -0.98994, 81.20051, 11.89505, -29.84706, -17.51566, -7.88797, -17.84743, 46.99515, 91.38453, 163.63951, -110.94464, -64.02197, -54.26366, 81.30799, 56.50839, 5.25852, 5.74611, 52.09495, -21.57239, 2.30747, -17.94737, 24.38300, 12.22975, -25.96899, -130.32446, -2.77045, 28.32667, -0.74166, -77.13962, 17.10628, 11.63440, 29.81494, -44.94222, -2.54615, 11.29596, 39.92295, 66.26942, 7.97937, -0.09629, -82.50685, 17.33515, -9.68412, -66.75811, 23.35202, 22.77870, -9.82676, 19.34817, 50.25987, -82.81325, 0.19687, -20.10101, 0.22902, -93.91682, 1.33714, -13.74079, 3.03208, 31.81439, 4.37451, 47.78277, -44.67322, -49.43351, 37.77783, 8.34403, -88.90243, 157.69246, 65.31773, 5.95881, 158.88485, 41.42544, -11.35494, 94.15907, -9.01256, 47.87332, -30.66177, -99.80985, -142.99031, -23.04355, 124.26170, 107.76348, 90.22090, -12.57596, -75.41565, 173.66178, 29.72834, 30.04093, -22.83510, -60.81048, 51.56763, 133.98647, 131.93322, 63.77666, -9.82912, -78.53218, 178.18716, -26.80619, 23.50272, 104.89040, -142.59689, 125.09420, 38.49954, 136.03633, 107.83446, -0.93019, -10.02649, 24.11962, -2.40877, -124.51412, -29.76274, 22.39482, -10.17476, -177.16304, -164.98575, 179.21481, -31.14718, -89.50733, -0.00035, 76.77547, -25.30959, 14.24646, -40.61322, -28.99518, 116.59868, 12.79204, 156.73096, 149.86870, 38.38618, 136.02707, 18.13715, 0.22064, -57.72062, -88.75822, -59.74388, -11.91858, 2.28438, 128.54321, 133.59127, 97.40348, 38.71166, -71.98610, 27.24580, 129.92641, 28.55696, -22.56795, -1.42911, 
 | Execution: 20 Overall Best: -24.4827 -> -50.3408 GPU Time (s): 0.53413782 and HJ Time (s): 16.62075901
 +==============================================================+ 
 | 21 -- Promising region found with value: -25.436558.
 | HJ uses 50187 / 50000 iterations [0.006362685441135949686308759254].
 | 21 -- Conformation 
 | -20.74191, 84.47306, -81.11903, -105.91236, -32.03408, 81.34315, -21.24287, 72.90065, -57.01819, 27.12930, 18.72594, -87.71867, 34.45009, 9.37092, -40.96627, -3.05527, -90.50957, -12.23244, -32.25173, 5.46634, -24.52849, -70.08077, -117.09768, 16.57789, 46.70865, 23.59369, -78.42230, 69.79981, 29.22408, 100.87458, 9.85544, 10.74090, -3.05886, -0.23135, -0.17237, 1.04291, -0.95516, -4.87113, 3.77667, 0.97650, -1.18350, -1.63269, 0.15964, 0.88714, 2.24331, -1.72730, -3.49314, 0.71250, -6.97842, -5.65549, -14.86581, -0.31805, 138.11892, -67.29226, 37.10698, -10.59456, -35.65418, -115.76530, 159.76539, -5.26190, -22.27049, 3.56532, -102.25137, -1.00328, 16.42038, -9.83971, -27.05488, 144.02866, 94.46647, -1.90766, -53.77022, -32.45095, 3.81351, -3.59224, 1.67801, -1.21189, 1.02158, 5.86255, 1.11656, -10.15809, 66.81225, -6.85399, -42.94307, -23.02788, 31.71957, 9.81022, 4.31747, -23.71865, -138.59763, 51.35170, -14.37047, 37.61030, 1.29916, -151.38572, -48.34186, -116.29558, 143.22689, 1.51608, -64.99494, 36.98024, 99.06751, -6.48443, 22.49493, 3.52602, -157.82660, 149.17750, 32.99200, -172.01898, 1.37544, 12.62790, -26.83479, 148.80118, 49.86885, 108.41163, 169.64035, 109.69080, -2.19897, 99.48165, 163.02216, 164.66853, 104.39988, 0.69145, -15.14442, 31.10727, -72.27021, -22.27314, -41.31028, -5.69257, 74.97736, 155.86473, 70.00819, -16.66224, 86.82014, 28.90093, 44.39327, -4.26698, -42.58055, 10.72269, -9.91886, 20.42759, 43.95599, 151.26943, 34.63651, 45.94925, 53.20476, -5.53356, -120.31252, -33.74698, -32.32359, -118.34761, 4.35383, 30.66965, -71.84505, -158.69655, 176.05271, 146.52436, -154.61608, -41.87771, -112.75089, -75.61517, 4.44034, 134.53542, 83.06734, 
 | Execution: 21 Overall Best: -25.4366 -> -41.5525 GPU Time (s): 0.57857434 and HJ Time (s): 16.59831595
 +==============================================================+ 
 | 22 -- Promising region found with value: -17.102066.
 | HJ uses 50083 / 50000 iterations [0.004174557917929296556314167077].
 | 22 -- Conformation 
 | -18.94576, 16.52900, 64.65529, -51.84877, -7.39884, -39.52848, -0.84586, 1.27109, -8.27810, 8.86343, 41.09493, -50.49504, 16.84147, 19.39185, -31.90571, 37.36724, -8.34481, 70.92059, -39.43242, -4.05910, -32.94428, -15.67505, -3.54410, -9.33804, 83.91289, 145.55861, -32.36552, -6.96527, -5.10173, 91.94533, -52.17838, -1.18730, 9.60415, -40.06002, -0.26557, -36.87023, -10.61461, 14.99608, 17.33773, -8.97265, 46.60975, -60.39211, -25.05198, -105.76993, -104.83665, -17.01092, 8.68672, 17.10787, 47.09793, -15.85279, 47.46826, -24.95223, -44.96330, 29.26409, -11.96138, -17.04822, 127.40016, 16.23736, 26.13934, 95.88210, -123.21907, -25.90421, -24.24943, -42.74952, -78.88643, -175.84298, 93.12030, 54.52188, -58.41413, 12.60498, -21.93028, -24.44730, 22.86360, 52.71676, 100.81481, -116.84800, -74.91220, 31.04444, -89.34990, -9.02011, 36.34024, 55.59122, 73.42547, -169.42754, -65.87266, -70.91115, 172.88822, -84.83779, -127.97355, -25.68819, -130.82057, -117.22015, 20.04317, 34.98118, -63.50318, -135.56166, 2.79878, 38.69085, 39.10564, -133.39752, -88.69826, 10.46196, -22.48655, -48.41167, -30.30268, -115.59032, 10.79015, 148.44036, 141.41858, -167.46570, 146.25812, 37.53764, -50.35595, -45.27780, -127.78978, 146.83444, -107.29997, 147.54684, -171.70680, 86.64953, 103.15994, -6.81310, -121.61224, 167.54194, -32.54885, -7.52659, 111.41813, 74.41198, 35.71283, 52.84145, 163.03222, -140.32696, 136.22858, -160.99850, -3.00430, 74.48129, 174.84775, 14.41592, 138.99790, 175.60100, 51.72901, 156.45907, -93.39280, -70.73486, -61.18191, -155.32478, 127.74695, 18.67922, 138.30073, 18.77315, 72.95276, 112.00643, 159.91884, -171.72962, -146.00278, -177.49194, -52.95920, -175.64735, -145.10782, 0.68507, 157.13834, 46.88639, 26.17176, 
 | Execution: 22 Overall Best: -17.1021 -> -51.5072 GPU Time (s): 0.51006567 and HJ Time (s): 16.54046178
 +==============================================================+ 
 | 23 -- Promising region found with value: -27.555079.
 | HJ uses 50170 / 50000 iterations [0.004638397686588107381167045418].
 | 23 -- Conformation 
 | -23.47912, -90.04009, -5.72492, -83.03023, -27.27993, -43.30743, 153.00118, -177.42857, 16.73162, -16.51731, -37.46935, 13.26281, 2.54003, -57.42336, 5.22384, 10.35454, 20.30653, -26.27718, -0.37683, -43.67369, -116.64426, -14.72210, -13.62122, -23.70490, -32.61383, 44.32694, -21.84935, -170.12514, -34.84589, -16.05379, 5.94244, -7.62161, -6.12331, -24.13042, 33.48182, -32.97804, 38.84812, -16.33256, -9.71668, -13.78159, -91.19427, -24.85176, -55.56084, 67.07760, 86.07539, 7.19765, 4.37001, 0.73552, 0.19324, 0.20328, -0.11056, 0.16027, -1.22192, -0.57299, 0.46599, -0.50909, -0.52984, 6.68051, -66.36198, 10.90041, 6.57607, 88.79686, -106.77283, 20.01056, -32.31627, 31.44815, 2.14752, -40.01272, 50.64223, 24.26025, 39.74733, -45.70104, 46.25668, -0.62935, 9.28383, 26.55546, -54.21257, 176.20892, 2.27081, 9.52630, 0.19849, 0.97829, -133.57946, 26.91146, -6.28880, 47.38161, 161.52974, 123.36260, 160.85733, -33.62790, -136.51604, -175.09693, 71.67405, 34.43292, 56.35134, 72.51541, -32.56101, 17.37632, -28.64238, -138.94962, -166.52700, -9.74616, -44.72671, -24.72390, -39.90671, -37.72790, 158.58402, 137.23078, 22.14658, 147.01755, 130.44695, 23.71904, -35.69306, -30.63330, -39.90538, 2.08198, 170.09687, 13.40987, 2.41093, -100.06895, -87.28105, 17.29673, 62.32256, 52.35490, 4.70007, -52.31211, 23.35817, 6.12057, 1.85494, -2.67019, -34.94234, -19.60078, 84.13781, 143.82179, 42.19392, 145.28082, 43.99859, 83.85173, 127.51513, 155.83469, -32.87864, 48.05076, -155.94681, -16.02235, 159.43702, 110.28205, -16.02455, 47.60159, -60.36057, -179.12704, 112.26802, 65.86942, -166.55276, 171.82355, 140.71999, 100.24749, 22.82526, -131.86060, -165.88515, 40.44288, -62.46996, 40.52974, 22.49795, 
 | Execution: 23 Overall Best: -27.5551 -> -48.5557 GPU Time (s): 0.52317487 and HJ Time (s): 16.53590631
 +==============================================================+ 
 | 24 -- Promising region found with value: -24.654249.
 | HJ uses 50186 / 50000 iterations [0.005726416897022354630941709530].
 | 24 -- Conformation 
 | -157.68847, 17.71130, -19.44685, 93.73315, -126.55768, 26.97911, 138.66681, -22.58129, -66.99661, 0.16743, 3.28392, 107.19250, -1.29322, -13.59133, 105.58801, 10.70555, 9.29801, 76.40642, 2.96507, -108.99052, 0.54921, 25.17307, 31.39708, 9.27578, 90.07598, -14.10271, 112.44392, 7.52903, -6.28315, 8.14783, -23.69719, -104.01214, -106.67434, -117.69064, -1.35906, 59.16108, 20.56742, 179.60076, 16.21725, 30.23924, -24.70491, -116.00623, -2.22171, -159.97142, 33.40189, -0.05789, -1.17254, 0.22857, -150.35043, -79.68839, 25.04255, 5.73100, -2.29281, 171.39769, -79.79794, -43.14799, 32.35487, 20.64642, 18.94944, 21.39257, -1.25978, 30.43429, 1.20369, 4.04947, -16.38672, 144.39442, -18.30646, -3.08033, 12.12059, -79.94284, 22.45786, -18.45837, -18.38612, 42.29418, -1.99216, 4.30699, 16.22827, 32.60289, 9.22347, 52.18832, 1.68648, -5.23517, -132.45662, -11.14193, -128.60558, 1.29527, -67.34403, -20.81474, 173.36022, 136.54388, 6.59708, 5.43753, 4.98199, 143.66583, -116.40381, -16.58982, 47.53374, -11.47074, -7.06649, 134.77871, 48.35254, 48.35402, -50.00984, -47.80657, -78.32024, -16.29393, 63.36154, 111.09661, 110.69971, 108.74542, 47.20017, -52.87411, 24.04955, 6.85034, -6.68648, -162.10208, -13.65822, -113.13701, -50.85183, -24.15655, -37.59015, 49.55046, 39.22360, 79.56789, -154.99374, -51.48105, -19.46930, 51.43461, 112.32185, 27.12216, -21.79933, -36.93158, -146.05314, -92.83059, 12.47183, 10.68141, 119.72968, 123.65799, 161.03780, 102.68748, -10.66708, 93.22042, 49.32863, 18.52497, 129.91682, 114.38359, 179.09943, -5.37208, -118.67644, -144.19236, -34.13174, -149.34249, -176.27629, -76.35418, -38.76120, -104.10743, -42.41822, 69.14773, -34.86121, -55.85233, -162.15199, -43.78209, -53.36118, 
 | Execution: 24 Overall Best: -24.6542 -> -45.5465 GPU Time (s): 0.58470691 and HJ Time (s): 16.76566386
 +==============================================================+ 
 | 25 -- Promising region found with value: -23.392305.
 | HJ uses 50040 / 50000 iterations [0.004174557917929296556314167077].
 | 25 -- Conformation 
 | -18.47860, -51.03270, -102.92673, -35.24858, -10.41756, 14.00493, 2.64239, 22.39646, -90.04336, 6.00003, 13.14658, -12.39853, 46.55174, 13.86281, -4.71317, -4.54173, -15.35813, 33.20114, 9.46865, -112.25283, -36.95909, -2.03908, -28.23170, -65.86134, -44.03785, 39.14088, 150.98320, -14.87574, -4.45809, -78.20944, 2.07115, 2.04380, 158.48070, -53.43043, 116.67458, 11.81544, -30.89062, 35.08808, 27.60904, -7.47947, 0.53399, -16.22435, -10.62747, 90.62851, -30.18067, -4.84513, 5.38178, 24.95846, -2.69606, 9.45362, -0.92697, -76.67209, 29.30383, 21.83108, 22.71271, 17.44673, -165.32383, 34.32184, 41.18583, -63.11102, -26.57597, 39.48290, -17.41423, -5.61438, 33.91871, -82.26975, 126.85630, 9.16477, -43.59275, -26.20118, -7.43728, 36.71664, 134.45306, 167.18548, -58.78639, -2.05527, -135.86574, -1.20023, -9.63811, 6.42874, 76.27984, -59.59139, 59.60352, -46.51676, -114.14862, -97.27374, 148.88400, -107.59672, -150.15474, -3.23328, 42.46645, 55.08966, -47.52948, -38.49052, 63.01181, 93.87780, -12.89001, -53.51134, -67.50189, -175.62636, 32.96791, -37.22156, -83.10252, -67.00922, -69.98372, -150.07518, 38.09529, 160.14877, -9.18737, -15.59828, -173.91615, 95.59247, 92.78351, 23.63224, 172.71967, -43.11178, 131.77487, 163.50049, 158.16453, 69.86298, 104.60394, -4.17360, -60.19285, -43.87729, 5.01021, 136.22727, 168.58465, 129.75059, -146.11535, -78.02314, -88.02870, -84.49934, 165.85247, 29.99554, 129.59893, -179.83535, -113.02844, -47.58411, 174.03140, -142.24813, 161.28012, 155.99998, -2.77918, -16.91639, -129.16834, -39.65941, 119.44742, 18.05930, 11.61368, -9.99835, 20.19848, 80.70702, 16.09621, -36.39023, -22.10664, -101.96670, -90.89493, 24.90464, -106.58673, -31.25913, -135.15136, 148.05345, -8.65447, 
 | Execution: 25 Overall Best: -23.3923 -> -49.5378 GPU Time (s): 0.53821332 and HJ Time (s): 16.38954091
 +==============================================================+ 
 | 26 -- Promising region found with value: -25.801620.
 | HJ uses 50015 / 50000 iterations [0.004174557917929296556314167077].
 | 26 -- Conformation 
 | -166.26901, 57.30204, -93.27132, -1.32731, -110.39806, 13.83177, -15.62660, 3.59892, 27.65323, -2.46951, -13.67224, -71.35952, -145.93055, -6.44117, -4.60299, -30.65036, 51.35443, -115.12649, 5.39861, -28.10662, 0.93757, 13.18685, 16.73482, 64.99797, 28.94935, -85.66816, 51.40721, 96.25010, -31.67567, 30.51414, 104.59436, -1.12854, 8.89663, 29.56271, -44.77636, 49.65625, -0.42463, 8.30695, 23.49752, -16.23127, 26.68569, 13.25274, -14.31626, 58.17318, 4.02627, 22.18678, -149.41870, 129.07223, -104.87195, -41.38097, -84.94784, -15.68496, -23.47040, -33.71366, 29.16310, -53.54746, 60.20125, 45.37591, 11.84985, -21.76228, -68.73117, 5.80947, -12.31167, 81.93590, 120.18164, 5.88030, 2.06232, 57.77451, 34.82956, -1.43302, 4.34315, -19.75956, 9.98679, 1.53599, 36.68486, 115.77986, -44.69770, -31.43581, -13.76756, 16.11587, -4.98936, -1.47058, 65.02752, -0.38624, -160.32792, -37.26770, -5.69867, -112.59837, -91.06843, 8.85815, -92.56391, -30.50519, 65.08301, 3.31857, 92.15090, 69.94043, -34.19538, -125.32897, 11.28333, 42.15167, 58.41189, 130.23909, -131.42505, -127.58869, -106.67363, -173.65465, 139.99774, -14.82014, -20.18436, -140.84057, -35.91943, -179.67475, -146.79281, -123.41717, -144.29114, -63.35609, 21.73990, -74.65546, -49.62121, -151.06111, -77.16883, 17.07377, 34.36974, 5.28698, 172.19770, 141.03913, -130.54767, -47.06143, -155.67149, -5.31255, 54.53504, 3.75441, -123.50007, -152.87093, -117.21262, 3.04609, 151.82806, 4.98645, 22.14571, 31.22744, -79.70201, 22.91697, -152.27745, -121.59721, 19.24281, 4.19962, 5.56264, -5.26673, -147.17558, -145.23462, -101.58996, -76.23836, -11.52800, 83.88546, 89.64099, 123.97440, 165.76335, -98.17716, 5.29386, 31.46965, 136.86334, 32.94321, 50.73422, 
 | Execution: 26 Overall Best: -25.8016 -> -51.0299 GPU Time (s): 0.51497369 and HJ Time (s): 16.97537589
 +==============================================================+ 
 | 27 -- Promising region found with value: -14.854111.
 | HJ uses 50258 / 50000 iterations [0.004638397686588107381167045418].
 | 27 -- Conformation 
 | -13.89858, 90.59358, -27.16022, -55.32224, -10.46525, 121.22036, 109.20402, 85.85190, 2.96892, -22.71794, -31.58568, -15.82414, 3.73180, 11.77336, 5.04898, 2.80463, -0.80407, 0.34498, -3.49068, -2.76725, 0.76122, -3.68392, 3.92492, 1.24065, 83.54998, -2.25722, 24.78749, -68.11389, -56.45766, -33.54037, -9.54741, 80.12959, 5.98496, 5.73508, 20.53551, 38.03109, 1.41718, -143.37120, 115.34356, 155.37743, -20.62716, 64.97321, -108.27350, -3.23393, 39.19330, -23.12479, -26.37073, -51.05797, 11.25539, 5.09655, -17.96713, -35.10978, -44.85490, 53.17617, 7.60104, 112.27632, 121.21354, -76.18033, -125.01443, -68.52092, 105.46739, -8.02448, -13.32688, -47.61516, 74.02533, 118.02611, 149.31097, -34.27521, 53.84608, -62.13308, -12.88088, 16.25572, 38.79004, -109.44761, 116.79871, -9.02358, -31.52365, -142.32119, -80.25574, 10.01688, 2.18386, 14.98392, -4.00496, 49.56165, -25.68756, -6.51397, 65.36941, 169.88280, 166.66950, -93.35702, 164.43729, -136.63166, -30.32893, -6.37072, 50.08744, -8.73072, -113.13385, -27.15879, 58.93024, -43.88681, -14.98126, -117.01317, -176.77313, -125.03513, -141.56877, -136.31483, 32.41786, 121.13420, 18.76939, 23.75012, -10.94486, 2.82479, -137.87332, -58.77807, -145.06521, -142.51774, -28.29800, -143.75879, -1.50493, 59.14247, 10.45250, 67.30121, 10.86421, -123.86845, 27.03978, 96.43904, -8.14838, -54.51249, -37.72855, -38.26065, -36.07554, -104.52228, 152.65322, -164.99733, -8.12977, 96.71193, 16.42596, -8.15444, -133.77601, -144.06243, -5.96819, 161.86892, 179.42847, 151.10252, -170.57965, 20.18315, 149.71750, 67.55886, -1.94863, -31.39713, 164.83639, 168.68907, 87.43640, 178.96822, 28.42889, -144.44000, -107.79902, 142.77604, -42.42318, -23.63839, 141.55198, 93.48724, 57.80751, 
 | Execution: 27 Overall Best: -14.8541 -> -38.7704 GPU Time (s): 0.76046234 and HJ Time (s): 17.07871199
 +==============================================================+ 
 | 28 -- Promising region found with value: -16.533726.
 | HJ uses 50244 / 50000 iterations [0.004174557917929296556314167077].
 | 28 -- Conformation 
 | -25.34660, -44.50828, 40.70052, -67.26597, 0.13725, -67.44063, -58.95656, 35.24249, 60.02671, -18.03266, -66.65338, 21.19873, 82.54953, 154.22126, 9.82035, 39.09726, -39.21689, 12.14532, -99.61524, 39.69063, 26.58057, 122.62986, 155.70576, 4.04168, 31.32356, -110.49277, -0.41303, 78.43586, 40.56761, -4.51994, -64.72556, 9.32605, 65.47924, 72.71745, -12.07825, -37.68396, 63.51940, 87.73348, -12.51461, 4.40799, -34.13232, -108.92181, -2.72401, 6.30202, -2.65043, -13.21917, -39.17968, 2.54291, -1.10689, -14.48025, -0.61701, -4.43792, -0.84595, -0.49263, -2.84785, -3.27304, -21.43495, 93.22230, -35.14994, -90.00858, 8.28465, -76.93828, 25.01517, -29.92622, -26.31488, 113.47740, -11.92208, 63.14024, -5.68009, 19.87363, 16.45298, -70.95594, 16.94644, 11.31370, 0.05545, 4.11280, 15.19746, 2.18697, 1.38303, 1.37777, -0.02615, 0.05779, 30.13241, -136.12238, -62.29890, -134.12050, 129.87268, -136.27008, -78.34323, 21.62760, 68.14911, 19.08437, -100.31570, -118.41061, 153.58484, 69.71894, -35.33270, -59.64458, -63.81643, -0.16796, -147.41062, -107.11888, 12.45540, -0.56096, -159.44715, -68.74514, 140.26105, 110.89773, 75.21776, 35.85527, 40.89017, -41.27601, -125.78391, -78.71766, -4.76810, 97.70604, -150.86797, 50.99360, 107.81014, -18.03175, -26.61748, 79.68654, -10.16213, -43.95909, 63.57850, 123.12225, 174.87815, 110.40008, 122.87955, 87.39528, 4.61472, -84.10536, 18.02481, 32.44087, -70.02062, 32.36029, -69.39249, -39.07834, 179.94231, -32.57015, -169.66113, -119.00692, 150.13779, 37.74334, -50.24789, -113.52604, 42.49897, -134.44598, 16.28358, 19.03186, -2.81373, 38.54881, -19.41886, 145.41297, -178.04118, 102.64618, 22.63108, 135.45633, 32.73795, 61.33890, -40.48700, 61.08104, 42.98683, 
 | Execution: 28 Overall Best: -16.5337 -> -46.6829 GPU Time (s): 0.52614551 and HJ Time (s): 16.69444990
 +==============================================================+ 
 | 29 -- Promising region found with value: -17.282076.
 | HJ uses 50237 / 50000 iterations [0.003757102126136366987418924168].
 | 29 -- Conformation 
 | -19.10993, -45.99137, 60.77477, 4.47599, 116.13207, -9.27439, 92.09864, -67.44515, -27.67843, 139.22934, 98.42716, 26.22189, 73.30956, -49.87145, 95.71271, 13.84956, 86.98216, -3.01089, -89.33132, -98.67830, -15.03773, 12.28076, -2.50379, -82.86355, -7.78652, -5.23548, -44.39374, 10.74282, -38.39973, -27.69134, 82.61292, -19.32809, -147.92599, -9.06035, 74.27017, -19.00717, -15.68323, 0.08186, -4.18019, 21.58556, 17.00677, 5.63920, 13.93939, 13.13133, -7.46510, -112.59606, 9.28836, 14.78490, -11.58707, 1.63389, -33.29248, 67.64873, -55.58646, 0.61199, 30.44307, -19.88518, -8.97816, -22.29351, 12.90087, -49.87456, -9.08830, 72.96110, -7.77282, 52.43865, 11.64542, 35.81767, 17.71178, 53.23329, 0.34587, -18.78674, 26.15886, -24.63729, -128.79314, 28.81461, 67.99406, -67.69550, 133.19696, 48.32421, 92.00629, 10.24778, 15.11663, -14.82888, 34.27802, -14.04448, -99.54209, -25.64671, 94.10402, -11.23119, -138.85978, -31.08865, 144.55103, 139.23902, -5.64150, -52.98193, -162.00834, -17.23403, 83.40717, 37.26843, 139.83820, -14.81735, -43.23882, 14.10913, 108.79331, 62.79032, 126.88667, 34.58277, -77.40040, -146.59517, -93.70642, -21.35046, -105.68834, 20.19250, -3.87817, -162.23541, -43.31143, -40.09795, 140.31073, -133.85042, -108.20987, -3.59425, -43.48665, 61.90662, -25.27695, -110.00730, -5.56701, -61.01063, 4.99821, 167.05601, 122.28671, 69.91261, 5.48386, -10.38524, 19.49346, -155.27621, 117.29181, 163.01309, 43.46703, 62.24171, 3.48575, 0.33173, -147.95358, -131.98877, 24.60049, -5.83346, 40.64655, 102.73808, -145.76976, 110.74269, -139.10266, 155.03355, 98.06310, 23.11155, -7.04678, -10.98948, -115.87294, -145.02820, 38.35921, 25.75878, 70.27938, 24.25282, -165.31887, -106.52594, -55.13613, 
 | Execution: 29 Overall Best: -17.2821 -> -49.4467 GPU Time (s): 0.51736353 and HJ Time (s): 16.82863688
 +==============================================================+ 
 | 30 -- Promising region found with value: -26.904072.
 | HJ uses 50029 / 50000 iterations [0.004174557917929296556314167077].
 | 30 -- Conformation 
 | -18.56625, -50.48388, -16.73545, 87.00180, -34.32813, 75.56926, -25.28938, -75.91615, -53.57178, 7.28275, 150.73191, 96.55562, -20.79061, -20.13901, -26.27964, -61.03584, 3.44279, 7.55596, 51.87939, 24.43656, 6.33744, 15.06817, 41.50246, -72.20289, 27.28041, -28.40090, -7.69397, 3.60631, 0.69212, 0.37239, 0.47572, 1.73801, 7.38985, 47.90268, 1.56394, -95.11517, -15.09260, 55.80995, -44.17145, -60.87941, 24.98103, 62.56695, 3.24463, 32.25098, 106.37727, 63.23873, -121.72758, -8.02728, -48.05060, -135.61750, 108.16391, -104.64962, 0.71842, -1.30600, -78.14719, 83.88822, 75.07601, -69.77607, 10.43223, -25.04691, -0.45844, -109.65336, -10.01858, 7.08829, -27.74076, 3.96076, 68.35589, 131.01150, -22.73415, 81.15812, -3.35303, -18.26331, 36.91565, -14.76214, -6.56537, 34.02242, 8.73176, -99.98505, 32.79279, -16.32276, 60.13376, -37.00884, 105.83594, 67.68492, 165.46008, -19.64801, 8.99951, -56.56269, -2.11457, -104.99769, 156.97256, -31.41285, -155.57419, 2.30082, 41.18104, 7.06619, 117.47723, 167.78329, 96.00218, -11.56942, -25.32002, -76.20242, 25.66513, 4.38096, -173.87113, -67.04398, 37.17984, 98.93727, 54.62207, 54.08119, -47.33427, 54.98127, -46.90443, -29.52213, -14.70177, -83.47894, 21.33643, -61.19955, -21.38580, 5.03917, 15.20182, -123.00930, -38.05201, -107.75543, 149.73157, 49.25281, -25.51366, -89.76402, -41.88129, -113.77101, -7.16834, 110.17853, -33.63710, -97.64418, -34.58716, 178.80712, 0.74401, -14.56561, 168.13521, -99.31724, -14.51282, 33.36788, -14.50554, -106.22465, 142.08624, -166.52395, -46.78840, -134.00497, 129.75495, 45.03199, 143.36799, 59.17734, -32.70360, 48.67611, 93.46019, 162.17692, -156.33765, 89.31429, -11.64686, -113.68275, -2.25087, 142.10976, 41.72699, 
 | Execution: 30 Overall Best: -26.9041 -> -37.5464 GPU Time (s): 0.55846295 and HJ Time (s): 16.41498995
 +==============================================================+ 
 |                     EXPERIMENTS RESULTS                      | 
 +==============================================================+ 
 | Objective Function:
 | 	 mean:         -4.60071182250976562500E+01
 | 	 std:          +5.53107452392578125000E+00
 | Execution Time (ms): 
 | 	 mean:         +574.679
 | 	 std:          +104.053
 +==============================================================+ 
