(base) matz@matz-desktop:~/Documents/3DcuHjDE$ ./demo -r 30 -p 50 -o 1HVV -e 150000 -j 50000
Optimizing sequence: BAABBABBBBBBAABABBBABBABBABABAAAAABBBABAABBABBBABBAABBABBAABBBBBAABBBBBABBB
 +==============================================================+ 
 |                      EXECUTION PARAMETERS                    | 
 +==============================================================+ 
 | PDB ID                                   1HVV
 | Protein Sequence [75]                   BAABBABBBBBBAABABBBABBABBABABAAAAABBBABAABBABBBABBAABBABBAABBBBBAABBBBBABBB
 | Number of Executions:                    30
 | Population Size:                         50
 | Number of Dimensions:                    145
 | Number of Function Evaluations:          150000
 | Optimization Function:                   3D-AB
 +==============================================================+ 
 | Structure (A | S1)
 | 	 Number of Threads                        32
 | 	 Number of Blocks                         2
 | Structure (B | S2)
 | 	 Number of Threads                        160
 | 	 Number of Blocks                         50
 | Structure (C | S3)
 | 	 Number of Threads                        96
 | 	 Number of Blocks                         50
 +==============================================================+ 
 | Number of Dimensions:        145
 | Protein Length:              75
 | Protein Seq:                 BAABBABBBBBBAABABBBABBABBABABAAAAABBBABAABBABBBABBAABBABBAABBBBBAABBBBBABBB
 | Rho:                         0.900
 | Epsilon                      0.000
 +==============================================================+ 
 | 1  -- Promising region found with value: -18.997694.
 | HJ uses 50080 / 50000 iterations [0.003757102126136366987418924168].
 | 1  -- Conformation 
 | 34.74402, 39.79453, 10.98181, 30.44162, 58.56918, 8.10399, 1.64493, -7.83359, -4.99363, 63.66546, 82.79978, 54.29917, -4.10094, -11.68612, -16.62987, -56.35888, -4.53124, 77.80832, -53.34833, 6.38398, -17.98105, -7.48658, 135.65383, -28.76008, -13.00923, -57.85858, -14.18513, 18.14739, 120.65428, 99.99394, -2.72801, 71.74737, -87.65506, 31.47853, 16.64725, 80.63235, -174.20450, 155.59812, -22.91828, 15.45908, -2.32088, -18.47115, 31.65825, 21.34986, -54.81893, 14.85438, 117.71829, -1.70953, -41.18601, 29.34456, -26.88709, -15.88358, 26.23402, 9.54708, 4.31248, 0.65578, -74.29424, 30.09512, -16.96656, 77.51916, -14.29172, -18.16743, 31.26632, -78.24560, -3.59339, -7.64538, -137.78588, 6.51288, 16.69384, -99.84697, 14.62800, -0.23132, 20.05576, 9.50127, 43.78575, 75.80801, -25.95889, -78.92166, -155.64031, 133.36421, -121.95399, 5.67764, -8.40530, -60.88931, -139.74233, 108.76552, -173.11674, 141.22732, 91.94620, 43.91820, -127.39814, -94.88423, -114.30351, -8.97041, 150.52632, 22.06814, 125.15340, 1.01839, 110.30720, -5.30333, -149.64691, -56.65964, 18.56582, -159.19530, 5.71417, 111.05094, 6.25815, -23.33813, -153.21894, -38.40600, -154.82445, -78.72338, -122.44684, -107.80612, 3.26602, 64.97375, -19.99455, -36.38040, 6.55123, -108.76135, -16.20256, -116.70995, 176.59773, 129.86994, 174.34114, -79.43894, -57.21296, -77.81996, -126.29463, -35.60233, -17.82902, 18.28589, -125.78491, -21.53747, -55.92118, 173.08241, 116.16981, 121.47612, 23.26142, 47.09246, 147.44211, -3.82090, 79.93712, 138.44982, 34.30983, 
 | Execution: 1  Overall Best: -18.9977 -> -39.1404 GPU Time (s): 0.50101245 and HJ Time (s): 13.11204004
 +==============================================================+ 
 | 2  -- Promising region found with value: -19.545979.
 | HJ uses 50023 / 50000 iterations [0.004174557917929296556314167077].
 | 2  -- Conformation 
 | 13.31566, 26.88024, -91.89887, 71.69393, -37.71230, -84.27971, -2.88960, 21.77942, -1.60120, 6.19508, 1.38036, 33.25905, 32.82057, -6.16120, 56.66226, -67.91479, -121.16273, 75.58452, 9.59599, -32.97626, -8.15699, 63.15387, 30.00787, 90.46585, -113.41250, -12.19272, -16.40881, -59.32010, -71.51078, -136.80551, 12.92114, -34.86390, -14.33152, -18.67860, 5.63615, -24.46905, -19.02520, -24.86164, 11.52358, 20.87744, 27.81928, -34.62268, 40.08788, -14.23945, -13.94303, 69.57442, -33.90766, -97.80972, -11.53686, 41.34252, -0.18935, -2.16865, 0.01325, -5.64990, 3.95898, -10.40567, 1.69317, -1.74575, 4.82374, -61.69196, -2.77422, -7.26116, 80.67843, 6.31634, 42.52330, 24.29874, -65.95273, 6.60425, -0.31388, 51.67940, -50.97022, 31.30415, -17.51658, -52.09463, -152.68522, 26.27618, 7.22107, 11.54935, -97.87403, 7.21109, -53.01211, -155.91177, -122.99189, -94.25208, -72.63093, 170.42688, -74.45056, -134.75121, -143.94021, -1.45729, 101.73666, 120.20665, 73.90615, 177.56443, 98.38483, 114.82639, 17.45255, -52.55582, -133.13122, -7.08458, -42.42839, 53.77732, 8.01116, 134.28069, 106.29303, 152.94426, -113.85204, -58.96911, -144.99965, -33.33194, -69.20316, -80.98679, -49.65666, -10.80682, 173.69257, -171.00138, -71.92669, -159.33578, 68.42404, -4.61561, -118.55119, -56.21375, -100.61286, -147.55437, -88.53280, 14.98759, -69.40868, -157.38587, 174.78125, -119.31589, -56.63405, -179.36386, -61.41399, -163.32775, -61.03744, -108.86252, -143.48812, -137.08862, -27.86714, 39.51562, 77.19654, 28.33750, 51.84526, 123.08745, 130.53597, 
 | Execution: 2  Overall Best: -19.5460 -> -36.2752 GPU Time (s): 0.50512891 and HJ Time (s): 12.97850585
 +==============================================================+ 
 | 3  -- Promising region found with value: -10.632093.
 | HJ uses 50216 / 50000 iterations [0.003381391913522730201940857953].
 | 3  -- Conformation 
 | 37.01455, -147.41665, -72.27028, 21.19166, 24.32137, -33.01978, 1.21110, 26.15302, 6.95462, -24.33075, 14.72897, -50.76002, 2.64706, -28.48030, 30.25864, -10.64905, 33.13703, 16.61451, 121.40674, 140.13693, -162.25724, -70.52151, 5.41142, 11.02328, -26.56903, -38.59397, 40.76847, 11.96497, 4.46877, 99.71961, 179.25628, 6.71296, 9.07067, -4.27397, -17.64377, 10.82620, -32.73976, -28.21065, -43.57347, -98.89609, -47.26407, -43.76961, 25.75707, 18.16507, -93.82352, 22.19414, -97.08979, 169.15194, 88.34492, -74.94290, 71.18655, 155.86299, -92.76621, 28.85986, -91.43216, 37.88568, 34.76786, 35.79588, -68.61920, 18.17096, -55.82650, 57.55809, 46.03284, -35.71516, -32.69171, -6.31702, -1.82082, 74.16661, -23.09567, -47.93799, -86.85357, 53.83490, -13.67914, -170.01922, 146.33201, 151.58777, 87.77379, 47.62043, 105.41076, -152.31397, -148.61854, -42.58122, -71.30691, -134.38001, -155.89879, -37.57659, -167.98853, -145.84872, -31.01437, 12.46455, -0.81787, 9.87514, 59.17854, -16.63351, -123.21921, 172.31482, 63.50874, 176.76866, 111.58354, -137.87557, -75.99732, 21.86619, -138.05449, -154.47230, -145.52702, -104.53155, -121.83678, -153.71711, -129.10252, -16.77880, -67.24890, -2.21672, 71.87548, 141.13013, -156.49098, 145.71656, 8.86221, 151.52187, 18.87603, 18.61043, -10.93675, 163.80136, -18.03989, -157.69681, 39.21896, 14.02602, -167.98161, -43.54498, 38.79702, 114.62302, 48.04814, -163.95798, -6.94266, -47.16493, -63.13253, -7.17490, 79.33093, 116.74782, 13.11119, -168.72737, 117.75441, 120.67499, -141.67996, -33.09813, -101.15891, 
 | Execution: 3  Overall Best: -10.6321 -> -33.5101 GPU Time (s): 0.48854529 and HJ Time (s): 13.02575183
 +==============================================================+ 
 | 4  -- Promising region found with value: -20.737110.
 | HJ uses 50234 / 50000 iterations [0.003757102126136366987418924168].
 | 4  -- Conformation 
 | 9.68773, 118.20279, 9.71283, -67.58850, 8.69837, -10.81209, -52.47225, -29.20852, 21.40054, 7.22957, -12.98991, -0.17791, -4.67313, 0.81116, -104.80105, -26.59462, -114.26863, -31.50254, 60.46643, -62.52146, 59.27915, -54.45105, 32.31312, 94.56996, 6.55595, 33.93041, -105.40376, -53.78217, 17.73891, -3.42318, -88.66842, -14.39040, 6.29897, -31.89247, -0.15129, -78.69445, 8.33701, -14.24749, -112.13234, 53.44296, 96.77381, -60.80508, 92.56572, -33.87868, 99.53896, 0.77760, -93.01186, -2.08747, -27.64763, 6.99065, -4.81377, 14.33790, 138.83516, 17.10183, 21.68943, -64.50225, -40.47742, -12.30559, 8.17267, 15.39360, -0.53326, -25.52864, -6.65574, -2.53070, -2.85782, 14.77209, 6.55840, 69.74463, -44.13466, -3.58619, 47.38124, -44.67302, -2.35900, 157.31929, 124.66787, -169.46474, 29.70905, -30.37156, -34.87265, 69.56094, -178.47474, 87.73006, 76.22400, 126.60136, 111.29839, -137.52012, 36.50384, 21.00178, 64.97331, 24.86459, -33.86571, 172.49735, 49.97237, 3.88346, -59.49426, 14.30193, -87.95739, -117.40924, 33.93114, -76.10706, 6.82630, -103.73396, 18.60061, -150.85188, -127.36527, -145.40352, -89.98408, -60.62141, -123.75993, -8.65613, 159.92336, -24.89973, -44.51940, -76.80127, 150.93260, 33.76476, -120.39866, -21.49738, 137.11995, 85.74600, 72.53922, 137.93158, 152.01511, 100.28163, 129.38672, -33.17860, -23.46429, -112.02421, -141.73840, -124.87274, -94.53065, 4.74421, -98.73887, 5.46040, -20.41125, -23.80909, -25.96113, 19.13715, -21.49659, -150.14461, -157.68022, -118.98719, 145.17723, 34.58518, 69.90675, 
 | Execution: 4  Overall Best: -20.7371 -> -32.1908 GPU Time (s): 0.53594116 and HJ Time (s): 13.04878998
 +==============================================================+ 
 | 5  -- Promising region found with value: -24.574558.
 | HJ uses 50435 / 50000 iterations [0.003381391913522730201940857953].
 | 5  -- Conformation 
 | 96.70647, 24.10852, -23.62197, -6.70436, -1.51296, 5.27254, -44.42534, -124.80345, 105.23600, 8.03010, 10.50108, 43.76781, -14.33577, 52.55628, -4.42857, 25.96677, 56.71385, 93.22502, 35.79349, 9.04933, -8.87158, 30.98467, -56.21557, 4.99038, 23.66121, -75.67411, -10.74244, 100.87433, 116.87387, 51.07189, 31.04459, 31.99802, 27.64515, 61.94572, -32.10139, 10.55967, 3.48489, 24.25609, -13.65315, -2.21331, 17.55995, 58.67867, -49.88680, -26.72200, 2.11285, -15.86454, 13.50619, -69.58977, 17.84627, -39.16558, -41.72235, -37.52850, 104.64072, 1.31729, -9.01854, -5.37838, 27.33535, 65.86154, -61.71553, -12.82941, -6.23127, -86.85443, -50.89057, 37.97273, -52.16105, -50.20004, 22.89541, -0.33471, 12.09195, 60.27253, -17.60735, 6.85987, -1.90384, -84.62835, -3.73871, 86.02160, -17.32456, -79.08296, 11.27425, 56.32803, 166.54761, 57.86940, 6.91653, -62.57992, -149.87810, 6.23837, -108.09032, -126.04526, -21.88301, 26.33674, 155.03897, 94.06041, 53.00196, 168.71018, 47.40456, -20.83729, 49.57624, -143.25143, -19.10471, 6.78164, -5.88779, -165.90861, 80.30274, -168.08261, 161.83615, 159.41383, 121.01365, 66.86992, 113.57257, -0.00492, -53.01598, -28.89832, -36.00691, -57.26083, 5.26931, 72.38493, 67.71036, 127.96549, -128.89493, 177.94611, 71.94011, 52.92681, 37.03373, 123.68325, -29.95649, 136.41045, -138.27293, -50.88946, -15.27272, -12.28519, -138.69415, -27.54353, 9.21536, -156.58735, -119.80782, -129.98108, -14.92925, 2.92790, 145.91107, 90.98318, 107.48862, 166.35696, -38.37652, -58.58564, -162.81638, 
 | Execution: 5  Overall Best: -24.5746 -> -39.8604 GPU Time (s): 0.50728857 and HJ Time (s): 13.07934499
 +==============================================================+ 
 | 6  -- Promising region found with value: -13.750614.
 | HJ uses 50413 / 50000 iterations [0.004174557917929296556314167077].
 | 6  -- Conformation 
 | 61.86912, -53.21685, 164.44699, -76.35648, 4.92595, -55.58468, -7.55040, 3.28959, -12.83835, -9.32034, -64.54330, 10.60348, -89.07869, -19.29327, 78.45865, 88.64278, -35.78768, 17.16452, -57.78868, 3.27605, -9.42992, 42.56279, 95.56959, -13.62975, 11.48433, 113.82139, -10.96007, -145.16135, 31.85649, -31.02357, -9.40434, 12.52048, 2.66091, 16.79664, -0.20077, -0.67408, 153.66299, -14.57331, -16.49672, 130.57411, 26.65422, -2.48125, -1.39026, -30.42002, -14.61350, 80.40245, 80.62255, -8.73339, -54.65788, 0.87342, -36.37368, 5.34167, -56.89894, 15.36827, 16.99251, -87.80125, -12.08587, -54.84364, 60.97729, -11.51633, 9.12935, 44.64164, 11.02832, 26.68345, -13.00002, 76.63914, 7.16738, 13.44272, -0.56710, 9.80726, -70.37171, -17.67097, 1.19635, 152.40601, -50.35133, -19.29532, 147.61077, 156.82344, 47.82919, 75.30862, -19.00854, 78.90449, 32.12513, 107.48499, 169.48798, -22.37199, 7.69832, -3.75269, -148.26151, -174.25394, 6.62909, -35.92602, -37.06207, -159.11208, -147.46642, -76.43415, 19.70879, -63.01224, -97.06711, 24.96640, -162.22377, -7.34326, 106.88860, -6.48458, 15.62921, 60.75153, -38.77046, -64.41711, -9.75994, -56.68494, 1.25057, -119.06531, -140.37450, -140.59449, -39.10074, -21.13731, 79.74405, 160.01617, 54.40833, 148.06317, 137.51392, 32.64269, -33.92146, -0.16624, -8.70638, -164.18922, -174.91229, -60.01702, -70.00399, -21.12074, 171.55044, 19.88308, -83.64893, 17.48889, -12.59407, -47.97249, -44.84051, -150.07556, -19.42275, 70.34804, 120.23319, 165.80865, -39.25314, -44.66224, 53.32024, 
 | Execution: 6  Overall Best: -13.7506 -> -34.6523 GPU Time (s): 0.51243518 and HJ Time (s): 13.03647208
 +==============================================================+ 
 | 7  -- Promising region found with value: -26.580429.
 | HJ uses 50235 / 50000 iterations [0.005726416897022354630941709530].
 | 7  -- Conformation 
 | 1.39964, -83.04969, -19.43440, 39.53377, 30.22664, -50.26017, 26.79982, -15.12648, -27.47319, 32.03727, 65.26429, 103.95430, 5.06799, 23.11186, 57.44923, -162.39402, -19.16686, -32.41535, -68.02660, 5.85037, -86.96859, -13.62340, 70.80882, -21.75403, -119.59711, -124.03902, 130.55926, 69.99919, -78.65284, 87.50753, 18.20030, 7.04097, -4.62584, 12.89928, 90.66183, 1.83503, 48.87679, 8.69180, -74.00844, 75.85062, -34.40918, -90.27659, 32.84488, -0.82286, -63.39727, -4.12194, 80.43183, 9.62866, -16.86059, 118.78340, -95.78192, -2.74727, 93.23785, -147.79714, 4.60756, -24.35384, -2.68235, 35.94562, 6.62111, -7.83331, -77.18769, 9.22586, 23.01167, -30.03175, 55.80060, 68.16159, -37.26146, 55.59596, 2.31292, -1.64595, -69.58058, -22.09710, -0.47701, -58.06814, -76.88657, -105.59963, 148.80812, 54.38541, 137.87768, 59.61417, 121.51651, 2.79740, 0.95104, 51.34994, 167.18247, -77.83190, 170.86594, 37.79694, -118.04499, -99.44576, 4.02474, -90.66088, -171.50880, -5.09789, -29.74211, 173.36777, 139.09270, 27.80666, -0.07640, -138.22315, -56.33482, -10.55445, 169.08113, 108.29496, 93.90491, 99.48500, 20.99302, 95.63272, -161.30625, 83.45471, 172.36614, 28.27837, 45.85472, -30.25374, 116.26490, 87.37897, -6.54953, 49.74714, -24.80912, -93.25816, -78.30284, -62.72721, 177.02363, 20.67148, -171.40178, -126.43822, -41.21879, -20.98777, 17.22838, -13.64581, -39.83265, 63.16771, -3.38723, -147.04590, 175.65915, -150.39732, -18.70330, -1.78308, 126.49926, -15.76406, -94.80386, -26.75041, 58.44476, 52.13222, 152.21040, 
 | Execution: 7  Overall Best: -26.5804 -> -42.7018 GPU Time (s): 0.52969879 and HJ Time (s): 13.05405211
 +==============================================================+ 
 | 8  -- Promising region found with value: -18.773781.
 | HJ uses 50082 / 50000 iterations [0.003757102126136366987418924168].
 | 8  -- Conformation 
 | 18.02214, -24.66019, 18.11967, -33.05574, 49.63265, -31.86897, 32.32821, 20.59569, -67.31892, 21.13380, 3.78829, 18.79372, 12.22548, -23.31964, 13.33862, -0.26208, 59.70598, -48.58951, -0.69240, 4.31273, -26.90284, 9.15731, -6.48823, 0.47761, 3.16276, -1.32165, -26.57419, 40.09116, -12.34526, 22.24622, -42.24002, -11.87772, 31.91972, -17.84500, -4.55652, -27.18090, 99.13364, -11.14179, -16.13640, 11.19323, 46.67770, 1.66209, 6.47385, -37.69994, 103.02216, 21.50727, -32.98679, -1.90970, 5.62144, 0.68662, -0.39360, -3.07668, 15.11631, -3.48986, 45.19603, 12.31475, -54.81484, -6.02364, 24.50892, -75.77795, -2.25018, 27.17383, 4.75117, 8.02140, 24.18680, -1.00135, -27.78508, 3.32111, -135.19411, 10.85560, -32.88319, 13.47261, -0.74747, -26.94576, -123.02204, 164.02840, -45.50965, -37.70580, 6.75915, 110.67933, -14.69018, 55.01881, 39.44314, -17.29214, -84.27575, 24.20815, -80.57727, -144.25216, -26.50193, -170.34679, 85.69341, 72.96795, 15.68558, -82.04696, -61.00721, -2.82249, 101.08241, -10.09334, -19.09105, 102.54514, 117.19059, -0.47688, 159.32630, -88.37749, -43.38235, -26.54006, -130.51181, -53.43985, 139.23932, -55.51412, -131.57291, -73.87628, 8.32057, 97.80755, -6.91175, -59.40836, -13.61384, -51.73718, 41.99902, 102.69680, 51.74873, 31.62349, 7.71540, -16.01065, 11.25385, 117.67227, 24.20288, -58.57231, -50.46642, -23.90029, -4.63642, 6.83230, -114.20027, -8.51369, -14.66825, -33.48560, -43.02859, -59.00001, 1.02043, 103.55759, -9.63544, 130.71710, 15.46606, -24.36368, -87.54439, 
 | Execution: 8  Overall Best: -18.7738 -> -25.2483 GPU Time (s): 0.53108838 and HJ Time (s): 12.88567114
 +==============================================================+ 
 | 9  -- Promising region found with value: -25.009037.
 | HJ uses 50087 / 50000 iterations [0.002465034704958070713165518839].
 | 9  -- Conformation 
 | 32.16175, 3.14140, -0.21945, -16.70286, 0.67229, 3.45204, -7.28550, 113.21994, 6.69725, -1.29552, -134.28888, -3.45743, -58.53015, 5.81605, -41.01965, -9.12457, 14.99326, 37.87825, 138.02375, -16.72436, 27.46313, -10.17953, -12.61025, 14.08106, -18.52934, 25.91508, 71.10396, -1.53972, -168.52907, -57.25395, 102.08742, -1.84008, 142.22220, 18.97326, 123.19262, -22.64162, -38.07031, -49.84082, 1.38598, 25.78183, -43.55716, 6.48655, -43.09021, -0.27526, 6.69830, 21.94908, -14.01326, 4.48580, 0.27824, 0.23590, 0.22623, 0.04048, 0.32057, 0.91808, -0.33962, -0.11373, -3.47632, -15.75863, -4.95500, -127.32399, -54.26053, 48.78607, -8.31048, 1.94932, 2.52617, 5.24385, -13.43671, 78.73910, 0.07566, -3.03201, -12.69075, -13.12151, 0.06046, -8.07552, -89.30781, -32.31667, 71.99129, 3.26080, 108.07289, -17.92309, -3.98427, 98.63430, 102.28209, 55.98326, 13.95879, -112.39046, -65.31680, -111.12866, -72.56492, -12.11232, 47.51822, 100.01819, 84.39621, -19.40798, -75.91509, -68.60876, 28.28817, -79.85879, 18.81445, -147.28497, -10.58318, -8.34067, -56.99113, 16.70373, -143.53793, -71.84198, 0.08418, 135.88632, -176.22604, 70.59913, 4.72161, 36.28157, 121.27887, 120.07195, 4.73871, -42.96490, 58.99082, -0.45391, -108.37765, -118.04293, -49.03571, 1.91762, 52.42930, 74.54296, 129.00699, 25.53152, -27.85945, -7.94212, -8.39709, 1.12268, -17.47099, -34.87190, 2.82252, -18.86268, 5.15945, 90.59291, 169.57000, 170.57345, 66.39338, -11.75362, 170.04514, 111.12039, 6.36514, -11.65625, 90.38826, 
 | Execution: 9  Overall Best: -25.0090 -> -37.0064 GPU Time (s): 0.56754688 and HJ Time (s): 12.93125701
 +==============================================================+ 
 | 10 -- Promising region found with value: -23.021942.
 | HJ uses 50126 / 50000 iterations [0.005153775207320119601528407571].
 | 10 -- Conformation 
 | 22.46438, 5.20977, -12.36243, -38.87838, -1.57073, 78.24667, 6.78057, -1.34047, -102.30001, 4.41247, 1.05128, 76.75579, 132.41255, -29.80134, 3.25702, -100.19460, -42.95530, -16.25400, -62.00174, -13.91105, -0.76260, 68.43699, -47.88616, 86.32821, -75.76950, 134.82268, -10.67943, 139.50004, -14.81592, 92.61574, 0.04568, -41.74167, 2.31451, 74.94374, 108.20562, -162.88294, 74.27921, -94.92764, -59.29570, 1.12251, 3.28714, -22.63421, 23.18349, 7.62489, 0.93454, 0.13297, -0.72951, -0.16832, -0.24985, 1.77137, -0.44152, -0.00399, 0.43628, -0.58918, 0.27748, 0.13956, -0.03961, 1.67337, 23.50165, 9.14567, -77.11660, 20.75565, -2.72997, -0.49821, 0.55749, -24.08825, 70.70800, 36.23845, 6.45525, 2.49816, -23.14878, -51.73536, 8.38634, -23.45632, -65.72233, -6.71060, 101.34766, 3.86355, 103.44119, -4.15543, 5.34198, -65.31099, -77.93729, -17.40191, 71.85392, -5.41930, 96.72918, 34.37695, -57.19947, -94.87350, 11.03285, 62.65169, 61.06957, -30.07474, -143.99431, -71.14211, -2.91593, -60.11942, -86.77597, 16.48750, 102.13758, -26.71726, 58.97251, -48.63357, -46.30185, -42.61294, 50.67908, 38.59913, 21.92621, 45.22042, -17.46820, -35.41262, -63.40356, -40.82398, 51.14653, 2.92417, 103.74513, 85.52777, -17.98256, -75.12101, -34.94809, -88.49816, -125.36176, -90.42992, -80.00832, 23.94053, 79.55350, 70.32864, 91.22303, 38.79791, 18.35259, 121.47743, -13.23000, 13.96852, 18.51755, 4.87634, -10.28272, -14.57889, 31.23722, -58.10842, -161.85187, -101.52688, 5.69185, 42.75644, 71.94196, 
 | Execution: 10 Overall Best: -23.0219 -> -40.1059 GPU Time (s): 0.55752496 and HJ Time (s): 12.95919085

 
 
 THE ALGORITHM GET STUCKED, NEED RESET!
 
 
 +==============================================================+ 
 | 11 -- Promising region found with value: -15.224117.
 | HJ uses 50124 / 50000 iterations [0.003381391913522730201940857953].
 | 11 -- Conformation 
 | 24.51001, 7.71039, 14.70608, -6.53360, -158.29812, 2.67628, 53.24078, 69.77112, 21.50560, 19.33957, -24.81155, -43.01147, -3.80495, -1.66964, -0.52921, -5.38580, -1.27443, -12.13696, 1.42270, -3.37405, 130.03705, 6.33819, -22.38375, -7.84854, 12.64239, -32.50748, 105.38340, 20.15452, -69.03947, 26.93339, 126.63271, 15.56164, 122.34356, 12.54253, 6.59129, -52.94472, 106.39210, -35.17752, -4.90987, -67.91875, -51.13966, -0.52733, 109.74061, 13.48026, 2.14027, -4.33655, -0.79017, 14.23240, 35.93871, -37.86904, -24.57977, 10.64628, 2.51453, 16.94642, 3.78523, 86.96127, -36.19187, 10.33882, 3.27220, 52.17833, -7.07351, -8.58548, 23.04013, -39.98878, 2.41251, 46.82023, 68.90581, -170.76352, 83.70396, 85.30439, 29.13308, -36.55689, -28.44907, 61.30974, 60.36812, 68.03224, 4.64730, -177.21084, -64.92641, -3.83763, -42.08411, 59.99670, 57.74111, 7.40820, 78.22462, -169.19314, 87.79022, 27.43711, 79.59282, 136.55321, -119.56377, -149.41105, -22.38972, 103.76685, 38.36149, 54.78099, 160.75766, 35.27290, 121.43127, -22.77144, -95.48219, 22.25734, -33.90573, 126.36597, 36.80211, 75.45034, -26.34302, -63.69912, -14.07421, -41.46728, 45.30167, 136.93196, 87.04295, 14.84837, 19.21179, 105.00534, 42.63574, 51.69660, 156.06312, 118.01213, 69.99265, 151.57915, 126.45514, 56.60452, 69.54738, -26.91033, -95.14809, -110.24152, -119.34829, -97.88935, -88.77855, -154.85231, 114.15695, -143.86717, -134.00941, -37.68538, -52.43145, -150.93663, -60.72220, -1.73692, 45.52026, 70.43831, -25.13788, -80.91748, 3.14346, 
 | Execution: 11 Overall Best: -15.2241 -> -37.8451 GPU Time (s): 0.50577203 and HJ Time (s): 13.04038906
 +==============================================================+ 
 | 12 -- Promising region found with value: -17.965685.
 | HJ uses 50164 / 50000 iterations [0.005153775207320119601528407571].
 | 12 -- Conformation 
 | 29.08573, -12.68384, -33.98176, -106.27239, -1.61591, 21.63846, 73.21523, 13.32402, 24.82880, 43.74083, 61.04920, 5.85853, -6.63672, -13.41775, 38.28153, -55.71919, 145.47231, 0.37454, 42.06417, -130.71803, -32.31515, 85.08914, 21.75570, 84.86747, -4.17602, 116.83597, -58.40356, 143.47746, 8.90549, -22.99686, -95.48098, -46.23338, 102.29257, 6.80258, -3.87547, 22.47458, 28.12722, 36.03628, -21.80811, -36.51257, -6.43848, 8.33980, 1.91963, -168.73115, -9.17511, -15.68705, 10.09153, -12.76822, 30.10692, -3.77216, -116.67878, 18.53307, 15.86431, 39.47641, 13.42599, 0.66939, -9.12783, 52.30790, 18.21095, -0.78269, -90.37293, 2.76842, -22.64846, 9.12846, -35.40386, -9.48440, 3.76293, -0.38206, 46.24901, -80.25177, 133.07067, -135.16533, 4.05952, 4.99625, -36.69691, -22.57187, 111.93902, 36.04034, 0.70844, 121.13786, 44.88893, -45.82331, -6.55688, -65.66114, -128.44517, 120.84202, -172.34152, -65.96879, 172.13859, 20.07697, 126.44298, 41.53481, 41.94975, 4.63692, -40.44821, -20.14578, -25.63301, -17.09834, -115.92345, 47.28564, 141.53963, 20.12542, 61.27405, -174.34949, 64.88575, 54.90140, -43.57738, -97.79022, -12.85936, -124.19037, -28.92218, -27.71867, -64.13498, -9.57310, 96.48887, 158.22106, 125.78817, 64.88864, -37.73916, -50.98080, -1.22346, -82.78020, -5.70136, 171.46456, -142.45433, 113.75851, 60.68634, 95.05562, 124.77934, 69.16921, 113.75608, 18.06668, 4.28682, -113.35980, -77.94449, -120.39285, -55.42568, -91.91153, -147.61170, 140.12426, 25.36540, 121.81578, -44.60622, -23.76969, -49.56538, 
 | Execution: 12 Overall Best: -17.9657 -> -44.7558 GPU Time (s): 0.50028851 and HJ Time (s): 13.08995199
 +==============================================================+ 
 | 13 -- Promising region found with value: -11.542126.
 | HJ uses 50483 / 50000 iterations [0.003757102126136366987418924168].
 | 13 -- Conformation 
 | 1.07686, -60.70946, -69.87910, 31.10958, 118.26818, 57.72369, -11.19325, 65.88235, -62.92519, -18.70680, -11.19229, 15.33729, -113.09794, -13.24532, -21.71562, -14.86881, 13.01638, -27.60658, 113.80704, -6.04903, 4.68544, 14.63399, 39.54009, 73.37964, 8.11379, 95.59943, -0.00167, -2.79563, -86.69169, 4.65347, 1.23066, 47.18653, 1.75797, 15.42431, -37.60372, -5.00900, -4.07373, 105.34190, 27.76389, -31.92971, 23.01660, -77.14825, -36.19936, -0.26799, -4.59112, 2.55278, -14.60440, -6.86120, 0.88042, -16.56162, 1.00661, -10.35157, -11.58331, -13.78182, 17.80453, 41.00276, 9.34666, 9.94540, -14.82025, 13.12476, -32.72737, 43.56252, 51.97963, -19.20728, 3.78410, 175.67435, 63.10367, -48.76048, -19.18570, 28.93736, -19.83998, 27.57621, -3.90937, -3.03202, 2.03951, 164.08611, -58.54161, -41.50185, 7.13323, -176.49762, -4.91940, 45.79338, 21.62847, -0.01288, 120.63586, -163.68641, -160.22450, -100.73304, -99.65012, -35.57606, -31.40841, -152.95440, 164.10822, 64.64406, -1.39305, 7.72289, 146.17400, -37.71561, 150.38783, 119.00848, 119.25106, -156.43934, 90.47339, -157.90927, 161.80851, 150.77908, 30.38197, 4.28009, 12.20846, -49.07541, -7.24097, 50.85645, 117.31770, 24.41286, -78.72731, -41.01484, 62.06015, 106.24697, 3.70830, -57.21429, -60.84082, -64.35450, -21.16527, 20.55726, -34.74950, -140.30413, -162.21849, -167.81974, -93.23348, -46.11946, -20.58534, -90.15177, 172.03343, 25.40726, 26.08917, 100.47558, 125.53168, 38.68502, 5.62028, 31.35505, 141.45457, 132.85338, 12.61970, -24.28773, 75.76201, 
 | Execution: 13 Overall Best: -11.5421 -> -36.1586 GPU Time (s): 0.50712885 and HJ Time (s): 13.11608696
 +==============================================================+ 
 | 14 -- Promising region found with value: -21.418272.
 | HJ uses 50069 / 50000 iterations [0.003043252722170457311851032856].
 | 14 -- Conformation 
 | 115.93394, -34.45618, -38.42776, -45.07119, 17.05201, 94.42933, -3.51147, 87.24461, 4.45531, -68.53376, 89.40538, -69.61259, -129.28132, 89.33926, -31.16257, -52.93692, 17.56003, -10.08006, 24.92222, -59.35354, 12.54671, -3.37283, 18.04330, -50.48826, -68.01793, 6.56798, 66.10419, 8.42174, -140.93336, 22.31790, -90.65856, 10.86618, -70.14267, -37.49646, 8.26350, 106.22334, 45.45557, -58.15309, -17.76655, -4.23173, 5.51482, -25.33860, 130.59345, 84.10484, -3.25115, 12.12585, 15.86956, 9.20229, -7.26200, 6.29056, -3.13475, 0.06631, 3.96338, -6.42919, -7.70352, -11.01209, 7.75445, 4.46521, 41.10712, -8.33625, -73.01463, 28.53435, 43.71334, -11.84147, 44.14764, -139.27497, -41.60603, 18.25149, 23.80230, 3.62943, -3.87389, 0.08762, -4.29506, -153.55886, -65.24454, 19.33761, -79.03795, -17.55327, 13.56027, -49.72016, 25.30629, 30.41815, 136.83576, 13.45663, -19.74555, -37.63807, -151.87449, -136.79869, 1.24506, -49.53879, -160.22229, -21.30559, 27.77805, -75.50721, -131.87915, -38.09776, 65.68492, -31.68348, 38.65591, -64.93548, -48.32053, -16.18137, -9.53680, 98.75171, 46.49334, 18.87368, -74.29123, -29.47064, 64.41258, -147.74502, -72.37811, -38.99963, 44.51626, 139.01350, 147.19052, -174.28301, 105.75012, 44.79116, -57.54121, -76.31033, -28.97719, 36.13442, 129.48747, 108.12103, 93.33708, -12.70852, -63.32265, -63.30081, -76.91940, -16.96521, 1.95464, -88.24359, 15.80410, 3.39962, 8.60874, 99.42697, 175.31047, -1.99492, -26.12128, 64.45785, -41.49723, -29.78901, 74.86540, 135.05942, 33.17551, 
 | Execution: 14 Overall Best: -21.4183 -> -32.4288 GPU Time (s): 0.55143933 and HJ Time (s): 12.91850615
 +==============================================================+ 
 | 15 -- Promising region found with value: -21.380558.
 | HJ uses 50250 / 50000 iterations [0.004174557917929296556314167077].
 | 15 -- Conformation 
 | 33.62531, 21.94699, 22.00387, -16.37422, 65.03610, -46.96271, 5.37951, -18.65681, 62.50754, -6.69747, -40.21671, -0.60220, -40.85545, 89.06266, -15.05129, 26.12539, -56.56167, 46.14457, -26.75146, -16.15134, 121.53888, 107.00623, 130.12031, -2.81463, -62.05654, 159.15069, -21.41354, 127.96618, 10.30944, -87.18820, 1.40950, -52.34858, -35.56007, 115.28806, -34.71089, -2.95509, -26.17066, 99.02164, -5.91758, -16.92724, 46.35064, -24.11166, -0.14859, 28.43208, -35.91242, -40.72885, 13.95362, -75.95151, 2.38374, 34.92904, 9.07235, 53.48379, 3.59848, 0.70587, -28.34494, -8.19069, -179.09826, 14.33775, 84.82438, -146.26291, 9.20757, -96.07994, 16.14615, -27.96927, -7.17228, -13.60087, -37.74255, 20.04163, -13.97760, -13.67783, -3.27311, 25.98072, 50.63940, -48.82762, -117.11787, -59.83417, 23.29879, 136.39604, -130.69293, 129.15121, -10.89234, -143.66193, -165.01705, -104.14166, -33.20631, -14.40895, -23.45767, -78.14183, 176.31155, 50.87607, -15.64630, -12.16499, 134.90032, 29.52550, 3.63112, 165.88589, 40.46425, 14.17597, 106.80795, -38.09389, -74.56614, -26.03071, 131.24773, 0.53975, 5.62273, 168.33623, -9.32758, -45.03958, -35.68303, -9.70815, -179.94366, 151.13665, 41.73846, -13.57388, 94.16993, 146.06259, 8.33695, 16.55539, 144.78087, 7.97779, -55.38780, -28.51291, -19.62180, 59.80767, 154.89353, 87.98736, 55.95342, 68.38983, 33.52904, -144.66283, -46.99469, -49.94109, 129.42544, 43.30068, 130.39718, 38.65278, -40.66061, -78.78570, -123.22631, -1.47190, -45.31810, -107.87474, -9.67499, -32.46864, -136.15331, 
 | Execution: 15 Overall Best: -21.3806 -> -40.2671 GPU Time (s): 0.53945959 and HJ Time (s): 13.02490497
 +==============================================================+ 
 | 16 -- Promising region found with value: -18.070765.
 | HJ uses 50380 / 50000 iterations [0.003381391913522730201940857953].
 | 16 -- Conformation 
 | 27.84546, 0.83376, -5.52874, 4.85965, 3.78958, 14.37422, 8.99036, -3.15454, -88.24870, -6.68931, -48.39229, -38.69014, 25.12769, -14.00429, -5.48635, 74.00521, 28.53736, 4.64369, -15.60441, -4.39445, -36.71516, -141.14324, 0.90341, -3.49225, -55.70534, 60.32927, -8.55905, 82.48993, 38.08493, -86.70232, 24.19703, 5.35734, -46.54876, 56.16996, -23.76270, -56.58669, 28.73960, 2.74126, 146.95569, 9.90054, 95.69717, -5.27256, 17.96016, 173.56086, 17.93854, -157.15465, 179.48814, 14.08902, -12.63568, 44.04305, -12.67589, -6.92880, 79.90841, -18.15572, -13.76064, -0.88065, -41.38318, 29.74601, -13.59666, 19.36916, 123.07114, 9.41643, -74.86548, -123.10564, 2.19431, -125.69618, -1.34426, 71.13238, 164.82829, 0.43955, -1.71668, 99.71151, 1.12180, 45.27142, 80.24770, 82.43975, -23.03914, -19.37872, -86.95316, 174.30874, 10.43779, -104.76494, -75.81623, -48.61702, -9.48392, 107.27758, 83.28244, 130.15064, -145.24335, -74.68026, 30.61576, 45.69161, -8.08171, 33.17334, -124.64062, -38.66887, 3.54902, -35.81569, -32.94071, 45.20619, 120.91771, 165.15576, -125.87550, -134.40701, -137.54162, -47.56818, 13.79198, 60.72597, -6.72307, 109.33914, 143.25902, -10.90627, -2.11096, 172.16756, 66.32325, 66.09315, -147.91162, -75.46161, 29.00810, -121.15761, -34.23680, -6.74378, -94.32453, -89.25278, -32.31816, 136.45944, 96.88406, 59.15659, 55.11000, 77.64178, 107.39086, -3.12843, -29.38816, -164.50143, -84.22971, -5.92520, 125.29189, 23.08988, 90.01029, -10.95121, 57.07566, 59.85169, -43.22199, -160.79957, -92.76307, 
 | Execution: 16 Overall Best: -18.0708 -> -54.8349 GPU Time (s): 0.51179620 and HJ Time (s): 13.10709214

 
 
 THE ALGORITHM GET STUCKED, NEED RESET!
 
 
 +==============================================================+ 
 | 17 -- Promising region found with value: -14.511645.
 | HJ uses 50164 / 50000 iterations [0.004174557917929296556314167077].
 | 17 -- Conformation 
 | 111.57246, -33.42292, 60.11952, -34.01168, -5.23644, 3.27933, 114.32775, 31.65223, -39.29067, 8.95130, -31.84638, -10.60143, -47.77836, 10.74820, 0.30590, 2.09146, -88.21811, 34.31222, -63.46914, 34.81587, 116.78850, 30.22711, -81.32073, 5.40779, -15.68783, 81.26994, -159.02882, -42.88149, -31.16479, 52.17524, 139.33061, 92.78507, 165.79362, 8.15496, 1.55818, -14.78305, 83.99517, -15.45025, -13.04601, 14.78206, -135.00293, 10.92496, 26.62064, -20.95745, 3.00839, 10.09341, 26.95404, 16.40020, 11.13690, 83.45384, 41.13646, -3.12025, 8.93982, 10.37388, 77.37575, -2.22693, 137.21548, 1.14314, -31.73845, 43.04345, 26.28852, -11.52234, 9.67627, 29.68743, -6.77034, 19.25592, -66.56401, -0.04855, 18.02948, -53.82651, -39.08492, 19.05381, -6.87057, -174.74244, -144.07181, -7.51190, -109.16849, -168.70352, -11.11661, 27.61805, -57.68763, 37.87737, 59.40121, 36.30535, -24.28036, -168.21180, -80.86300, -137.81770, -160.18599, -67.77885, 14.21389, -166.08113, -29.16258, 167.94245, -48.05543, -39.08143, 33.44908, -34.89016, 137.57512, -174.02060, -98.53654, -156.19300, 69.86103, 26.13886, 6.49346, -150.03343, -49.66939, 0.32941, -21.80727, 49.75960, 12.64208, 11.08423, -165.68679, -67.74586, 37.94013, 50.03690, 149.75490, 113.10038, -150.81189, -179.77232, -155.47035, -31.31354, 34.54634, 72.94245, 25.36840, 123.60855, 11.22934, -28.92269, -130.72641, -45.17130, -109.42200, -14.48950, 65.54310, 171.19220, 127.39396, -167.99806, 166.39144, -153.60002, 139.38572, 55.04755, 158.87121, 66.44129, -38.06599, -99.33905, -163.80652, 
 | Execution: 17 Overall Best: -14.5116 -> -53.1754 GPU Time (s): 0.50459647 and HJ Time (s): 13.16046715

 
 
 THE ALGORITHM GET STUCKED, NEED RESET!
 
 

 
 
 THE ALGORITHM GET STUCKED, NEED RESET!
 
 
 +==============================================================+ 
 | 18 -- Promising region found with value: -9.267035.
 | HJ uses 50139 / 50000 iterations [0.006362685441135949686308759254].
 | 18 -- Conformation 
 | 134.76266, 1.56945, -20.47075, -30.61699, 41.55480, -9.41230, 14.75550, -48.34460, -22.77362, -9.06503, 17.88468, 40.63832, 31.75311, -77.77600, 10.17862, 8.58705, 1.66514, -96.63307, 18.37488, 39.79779, 111.00263, 12.68664, 176.28748, -9.78916, -24.23998, 1.34316, -14.84295, -58.51828, 89.87082, 8.13658, 10.07403, -56.33452, 145.04685, 92.44492, 7.65016, -105.59283, -57.14728, 11.04275, 51.98526, -47.11723, -1.11508, 0.17055, -7.95532, -0.68013, 65.04052, 98.12875, 0.14786, 20.28295, -112.69856, 21.70711, 59.51693, 144.82794, -129.91326, 20.90712, -5.17143, 64.73515, -14.25531, -38.76438, -24.37731, 49.17445, 12.25237, 31.10610, -40.96125, -5.75387, -1.30562, 21.73427, -3.94439, -51.65208, 11.84229, -25.80756, -31.81142, -57.22426, -94.92089, -168.59237, -78.26098, 12.30540, 169.89858, 154.67101, -155.88405, -24.03311, 4.84170, 110.82687, 101.76374, 133.47050, 131.66099, -167.10496, 85.15322, 76.29995, 92.95594, 19.16761, 45.04760, 120.20062, 116.13345, -175.18592, -68.93034, -79.86258, 19.44339, -92.57665, -110.63511, 7.60579, 159.67816, -76.99052, -147.56779, 118.48803, 0.74403, -2.18175, -123.91222, -132.70487, 140.85650, -123.17491, -143.21494, -49.43549, -92.41818, -63.30990, -14.91835, -60.27103, 23.90486, -9.19436, 70.25815, 67.37293, 106.29153, 40.92331, -6.81601, 24.20685, 1.66117, 71.71632, 105.03638, 31.38927, 115.39271, 135.52939, 169.49280, 14.48777, -45.05610, -145.41372, -38.83250, -58.83310, -80.33902, -54.19934, -118.01084, -7.21635, -127.48155, -132.13219, -26.26345, -30.42160, -142.12080, 
 | Execution: 18 Overall Best: -9.2670 -> -25.0611 GPU Time (s): 0.51304651 and HJ Time (s): 13.09211111
 +==============================================================+ 
 | 19 -- Promising region found with value: -21.503614.
 | HJ uses 50114 / 50000 iterations [0.005153775207320119601528407571].
 | 19 -- Conformation 
 | 14.84414, -9.90355, -35.50335, -33.61890, -3.20172, -7.13625, 15.25467, 118.47332, 3.51893, -10.74039, 8.51400, 3.52064, 32.96113, -102.84711, 23.01496, 34.12237, -99.34933, 96.27542, 24.47494, -77.29224, 29.52687, 0.35753, 6.80129, 0.73109, -16.86503, -4.90617, -2.96549, -30.21790, -90.86948, 25.78733, -0.26046, 74.87893, 60.96858, -6.11621, 55.07933, -21.45717, -74.48532, -3.13592, 49.44962, -21.60065, 3.33069, -13.46442, -32.37476, 37.35961, -110.75382, -25.60545, -18.49687, 68.74159, 5.75727, 48.80340, -12.15053, 8.00347, -22.99988, 42.33897, -77.94671, 25.38004, 0.97504, -7.55902, -36.11343, 37.73954, 67.27119, -43.56930, 8.36366, 23.48464, 1.31957, 7.12620, -98.78183, -2.74230, -1.81132, -0.01136, 8.27804, 18.21907, -2.81369, -2.00316, -41.41332, -20.33351, 82.39359, 145.85214, 41.01253, -2.20927, -74.50644, 17.72067, 14.87889, 68.22831, 4.24088, -65.58956, 1.14655, 56.99643, 12.27179, -170.56199, -5.85695, -137.31517, 2.43715, 110.50834, 127.55738, 125.22112, -131.67453, 116.22978, 165.30342, 47.72278, 6.69667, 24.00408, -88.07501, 22.09492, 40.58424, 129.40002, 5.17891, 73.89204, -25.80639, 79.84582, -7.65003, -72.29409, -114.95506, -55.82485, 48.95791, 40.98943, -123.20310, -149.09809, 106.84297, 4.20289, -72.47052, -114.24265, -31.78536, -36.82823, 16.98136, 157.33240, 124.03896, -7.25447, -33.88395, -3.77570, 7.28548, -114.23136, -8.38198, -49.98777, -52.72984, 28.93693, 111.34406, 121.88333, -24.58198, 20.62654, 122.46693, 108.66188, 6.51937, -6.97317, -111.83712, 
 | Execution: 19 Overall Best: -21.5036 -> -27.2367 GPU Time (s): 0.56108850 and HJ Time (s): 13.01903486
 +==============================================================+ 
 | 20 -- Promising region found with value: -22.227203.
 | HJ uses 50116 / 50000 iterations [0.003757102126136366987418924168].
 | 20 -- Conformation 
 | 18.05231, -7.10155, 26.64651, -1.60142, -98.78491, 49.67634, -149.83415, 105.59116, 50.27302, -59.76314, -151.91011, 41.71643, 38.04743, -98.34675, 12.16789, 1.67885, 42.56604, 68.72167, 3.19310, -28.57602, -34.10449, -117.22430, -5.00492, 27.05185, -76.25668, 34.56080, -0.63687, 4.16550, -60.02325, 155.90684, -144.22831, -33.32842, -29.28326, 2.45583, -1.38845, -11.90630, -157.72472, 15.37643, -12.02208, 20.06430, -72.67217, 8.68367, 23.85099, -5.34140, -2.52086, -6.12444, 1.67091, 6.84069, 8.81731, 119.48537, -18.17490, 178.64714, -42.10950, 81.66268, -21.69462, 1.03357, 0.03961, -2.15883, -30.98171, 50.50176, -1.36245, 63.58194, 102.66467, 5.26357, -77.15718, -91.10435, 26.42966, 16.35412, -92.85299, 71.38839, -29.44617, 23.39704, 56.93092, 17.92432, 110.61447, -166.34663, 26.17472, 125.28011, -36.76294, -0.13256, 38.69493, -136.04220, -125.18860, -62.08468, 0.01189, 56.50580, 7.10725, -62.87478, 30.03204, -11.84847, 95.95080, -175.95512, -92.16963, 5.54669, -85.31614, -3.04352, -4.18226, 10.10201, 39.25609, -73.91049, -175.78703, -122.63790, 7.43180, -13.30305, -51.20677, -100.38535, 0.06659, -64.39676, -8.11394, -58.78185, 5.43096, 0.62250, 159.58242, -159.34846, -52.37622, 1.33890, 55.12619, -3.43256, -109.59506, -23.13712, 62.89852, 18.30211, -138.95221, 19.88492, -167.99006, -137.16417, -18.08699, -78.74030, -88.94474, -99.22878, -136.27513, 10.26004, -97.00261, 11.77418, -1.43274, -144.38006, -24.73086, -17.81219, -38.94365, 59.60953, 0.27121, -168.18934, 120.33692, 39.56112, -13.93880, 
 | Execution: 20 Overall Best: -22.2272 -> -31.4642 GPU Time (s): 0.57366016 and HJ Time (s): 12.99638510
 +==============================================================+ 
 | 21 -- Promising region found with value: -20.927841.
 | HJ uses 50166 / 50000 iterations [0.003757102126136366987418924168].
 | 21 -- Conformation 
 | 99.95898, 118.04120, -36.98329, -42.96137, -17.17239, 24.34591, -59.34161, 4.63567, 55.79044, -33.35489, -4.09439, -0.49553, 0.12486, 0.08259, 1.81119, -0.81655, 0.35389, 0.19604, -0.05230, -0.11659, 0.14707, -0.27992, 22.25836, 3.43474, -0.04583, -53.62875, 23.77130, 3.50637, 32.64594, -91.85626, -12.70303, 23.55539, 26.60126, -4.57065, 75.08270, 28.34936, 116.10810, 27.22269, -123.25413, 13.42750, -133.77320, -139.65162, -1.72336, 8.84734, -5.54758, 55.98072, -19.87704, -9.69127, -17.04742, -1.08636, -2.71411, 1.11005, -2.09086, -1.59433, -0.87675, -4.48457, 41.66131, 17.81424, -21.27605, -11.04190, -87.40589, -0.21294, 1.38467, 32.79785, -2.47325, -14.12155, -2.62533, 2.54582, 6.46288, 2.52907, -22.58699, -14.22363, 0.50924, 50.33552, 40.82438, -45.87224, 56.49518, 137.72278, -14.18271, 84.22994, -14.95809, -50.64740, -32.04347, -61.95138, -2.00442, 109.86074, 7.23113, -34.74909, 66.36319, 64.80172, 167.65168, 81.33456, -4.67003, 94.40059, 68.66227, 12.30141, -92.65174, 19.87252, -178.93067, 65.72665, 12.46229, 27.10767, -75.96325, 34.64118, 10.10619, -52.64649, -9.74247, 21.45845, -23.03772, 76.07931, 20.81449, -154.51033, -50.23765, -11.95560, -52.78920, -6.17278, 10.90977, 2.94524, -161.49731, 163.17907, -147.53782, -62.97863, -40.73817, -86.55291, -27.57426, 76.96311, 81.54317, 52.04779, 37.20469, 55.21410, 50.99536, -55.32411, 22.06858, -162.08749, -138.98195, -56.55742, 0.26227, 43.34197, -59.13879, 40.36843, -63.35066, -86.09858, 171.11582, 164.12988, -94.09257, 
 | Execution: 21 Overall Best: -20.9278 -> -32.6463 GPU Time (s): 0.55117108 and HJ Time (s): 13.15978909
 +==============================================================+ 
 | 22 -- Promising region found with value: -20.865215.
 | HJ uses 50139 / 50000 iterations [0.002465034704958070713165518839].
 | 22 -- Conformation 
 | 175.84725, 41.86559, -77.89081, 30.35774, 0.50555, -27.14287, 54.70888, 3.27228, -57.76498, 24.95707, -8.79716, -0.04154, -14.37731, -13.45896, -31.54334, 8.60809, 5.75830, -24.81177, -45.89141, 60.10387, -28.38747, -28.49166, -10.05005, -3.55511, -14.73643, -5.66722, 0.24410, -5.48253, 21.55513, 10.12006, -108.77015, -16.31077, 154.80662, 1.55377, -77.64581, 159.34172, -1.28625, -174.02985, -125.78392, -25.02602, 3.54152, 55.96681, -38.00056, 92.95310, -10.20006, -1.96377, 111.26174, 16.28119, -62.76074, 108.66744, 17.32700, 9.60320, 6.00933, 43.58926, -49.54442, 119.95204, -41.06683, -34.76641, 131.11503, 39.14983, 30.23073, 2.01621, -33.40594, 4.95073, 148.26597, 90.30690, 17.45508, 19.68147, 8.93303, 147.13708, 8.06504, -89.39925, -38.34815, -171.90974, 29.89160, 133.14851, -124.16940, -152.09767, 15.81846, -82.83614, 5.32924, -152.82933, -135.38692, -145.07715, -84.20977, 27.75607, 13.26688, 9.30347, 97.65308, 18.23638, 123.16501, -10.46306, -59.95281, -162.65860, -174.74566, -139.45139, -32.02469, -144.32884, -41.87194, -64.28447, -64.86840, 39.85591, -3.75107, -25.49843, -144.96203, 24.21205, 176.98590, 12.42804, -85.45211, 18.98283, -5.84920, -54.43346, -51.53222, -127.33317, 173.37403, -15.70090, 101.62719, 96.47365, -17.76383, 171.26071, 45.29768, 145.30912, -169.28484, -88.38769, 5.22824, -91.60877, -114.43241, -56.89659, -179.81164, 127.81713, -3.05160, 3.17243, 29.55884, 118.04864, 127.37159, 53.41344, -176.19917, -134.73581, -88.19761, -163.74346, 105.94195, 20.10660, -95.73975, -13.31028, 11.84073, 
 | Execution: 22 Overall Best: -20.8652 -> -38.6295 GPU Time (s): 0.59055414 and HJ Time (s): 13.29450107

 
 
 THE ALGORITHM GET STUCKED, NEED RESET!
 
 
 +==============================================================+ 
 | 23 -- Promising region found with value: -20.607000.
 | HJ uses 50224 / 50000 iterations [0.003381391913522730201940857953].
 | 23 -- Conformation 
 | 13.25300, -21.24927, 7.98586, -144.52296, -137.44740, -159.88526, 10.58298, -48.77663, 27.21535, 27.38179, -20.09049, 16.96415, 11.55103, -57.38260, 41.98720, -4.50549, 6.29146, -22.56603, -93.60891, -16.20483, -57.67587, 20.92704, 141.30914, -7.09813, 7.44554, -31.18660, 60.38891, -8.22794, 54.28684, 3.50513, -37.53166, -53.28484, 3.32615, 38.16591, 29.57194, -7.36873, -133.39290, -13.15355, -4.61083, -102.10801, -56.79898, 54.58492, -62.95550, 72.06279, -10.13662, 0.29322, 9.64787, -20.03592, 14.19673, -4.09371, 0.34187, -2.39562, 3.20309, -10.89981, -6.25682, -4.07306, 43.22490, 95.41245, 26.70932, -19.51011, 41.88877, -36.10648, -75.69521, -87.25367, 88.52667, 34.83145, -77.74712, 3.32957, 16.10359, 27.94766, 9.18665, -12.49126, 12.03458, -48.14124, -70.17456, -143.62752, -37.08606, -18.58747, 105.08385, -160.79038, 6.71147, 106.58188, 124.77105, -170.45418, -97.14456, 158.01943, -68.75760, -33.49491, 72.00505, 116.18812, -156.27228, -91.94351, -168.54795, 29.88999, 165.46963, -37.23855, -145.11474, -21.66652, 169.83701, -6.37513, -12.85456, 108.10919, -9.87250, 52.06651, 60.60420, 20.74079, -79.02236, -136.69888, -125.96674, 174.15964, 108.47007, 161.01016, -123.16493, -162.53357, -153.40098, 12.43191, -30.53970, -89.99583, 165.88879, -111.83626, -21.21367, 5.34301, -33.54596, -24.45826, -83.09632, 172.43342, -104.26619, -14.72120, 22.67765, -27.14807, -34.77007, -131.84829, 168.37791, 0.78148, 37.81738, 56.47369, -168.54769, -122.27127, -13.63108, 86.02085, 80.40729, 23.00377, -81.11967, -99.87292, 4.28394, 
 | Execution: 23 Overall Best: -20.6070 -> -41.2602 GPU Time (s): 0.68076031 and HJ Time (s): 13.24954796

 
 
 THE ALGORITHM GET STUCKED, NEED RESET!
 
 
 +==============================================================+ 
 | 24 -- Promising region found with value: -17.769382.
 | HJ uses 50334 / 50000 iterations [0.003757102126136366987418924168].
 | 24 -- Conformation 
 | 103.67314, -32.55330, -16.03923, 70.79253, -34.63702, 14.05151, -4.51265, -84.36548, -0.94539, 43.91700, 84.19542, -4.98304, 81.43564, 20.44998, -10.94440, 42.42016, -1.88576, -48.01166, 13.02303, 34.72311, 21.13717, -156.81108, 25.47055, -7.91255, 59.95098, 41.19339, 173.76797, 35.70187, -40.46042, 83.29329, -8.64064, -33.06069, -17.02810, -8.22547, 1.98527, 25.05537, 32.80699, -72.41796, -37.13539, 13.92710, -10.74953, -35.89699, -54.31880, 113.71314, 11.31085, -3.43905, -109.17013, 52.65999, -62.15693, 1.24950, -69.57751, -0.01395, 41.05930, -44.75316, 6.95159, -27.95166, 36.34869, 18.04462, 23.25715, 14.28175, -44.27453, -8.73668, -0.19677, -0.79722, -16.77660, -35.31917, 38.03612, 6.77724, 22.71119, 14.57348, -91.32195, 27.75982, 22.89547, 156.93996, 98.74735, 56.37646, -151.44849, -67.01964, -166.30002, 12.02513, -86.50011, -9.50007, -48.82919, -172.26098, -174.56401, -37.29761, -60.85010, -45.80043, -101.17625, -160.92282, 96.72680, 62.64804, 121.03466, -47.32503, -159.53381, -95.24059, 15.08880, -95.56268, -35.64474, -18.94567, 1.93029, 42.28061, -33.14927, -148.16205, -91.92417, -121.71234, -99.84063, -42.02917, -67.09468, 150.80057, 82.03439, 104.11691, 93.65144, 74.15705, 169.47513, -2.48882, 35.88722, 86.03401, -12.82152, -168.38394, -34.02900, 10.02964, 118.88904, 138.14102, 134.40529, -11.05800, -27.71552, -67.06426, -42.99645, -7.49283, -35.93288, 64.67686, -179.67719, 76.34418, 104.59018, 121.33134, 128.96342, 171.14647, 15.61789, 121.36360, 17.15334, -14.84906, -4.73082, -177.12824, -177.22837, 
 | Execution: 24 Overall Best: -17.7694 -> -37.6617 GPU Time (s): 0.63569623 and HJ Time (s): 13.30200291
 +==============================================================+ 
 | 25 -- Promising region found with value: -29.849735.
 | HJ uses 50046 / 50000 iterations [0.002465034704958070713165518839].
 | 25 -- Conformation 
 | 2.01523, 38.13549, -47.99727, 22.92028, 29.32476, 46.30659, -11.76426, -67.24174, 4.42086, 13.17760, -5.01254, 48.85734, 90.68993, 14.86205, 90.84283, -53.26636, -32.98257, -0.63335, 121.07782, 27.74356, -67.41901, 80.76595, -40.52024, 94.96185, 96.04600, 94.46813, -82.58896, -4.89541, 85.92259, -55.25831, 41.11978, 115.48434, -88.86214, 105.52684, -4.51826, -45.63202, -62.79658, 3.74087, -160.98450, -62.80470, -8.46264, -3.56104, 5.96376, -13.25077, 31.27158, 53.31339, -50.14583, -21.65647, -84.44308, 18.09699, -27.91475, 19.09640, 12.85524, 15.28932, 14.12793, 11.17015, 79.92848, 61.67010, 3.54541, 23.46719, -52.16040, 23.10456, -127.38952, 15.92771, 31.80119, -30.42077, -58.82508, 19.54815, -30.84316, 12.61058, 12.26683, -118.52490, -3.27075, -14.58862, -159.12484, 138.28281, 33.06930, -27.64628, 65.29761, -30.67550, 47.32744, 39.52238, 92.31901, 28.91852, -45.33379, 166.37885, 13.52699, 139.20061, -145.31104, 167.17165, 131.68474, 57.66699, 78.38166, -154.52595, -74.17307, -132.62459, -25.84265, -136.64341, -30.93122, 67.21610, 108.54441, -38.70861, 28.38834, -3.36648, 159.44004, 46.80453, 1.02812, -13.05497, -3.45441, -168.62916, 22.88517, 152.12340, 103.89784, 30.95312, 132.67162, 98.47671, -1.35567, -3.64223, 26.32272, 63.54029, 30.93722, -166.91779, -106.57911, -108.72909, -53.01541, 51.43505, 37.96684, 11.17964, 10.01916, 13.22341, 71.53789, -29.09814, 0.11867, -139.31359, -15.60439, 113.90516, 33.61473, 72.29291, 173.36195, -29.36990, 54.31855, -0.78771, -105.52509, -4.26291, -53.32737, 
 | Execution: 25 Overall Best: -29.8497 -> -39.2201 GPU Time (s): 0.54425482 and HJ Time (s): 13.25449419
 +==============================================================+ 
 | 26 -- Promising region found with value: -20.611372.
 | HJ uses 50133 / 50000 iterations [0.003043252722170457311851032856].
 | 26 -- Conformation 
 | 40.49918, 7.84601, -27.10701, 15.69013, 90.67571, -20.84091, -34.98103, 36.00307, 21.23529, -5.42141, -33.24874, 16.00592, -60.54539, 76.65596, -23.78968, 25.64748, 82.99565, -9.56218, 104.94456, 13.19442, -81.06104, -26.82346, -36.85336, 81.66810, -19.34901, -70.97587, -4.07450, 167.35546, -0.42038, -24.88911, 18.99498, -87.78431, 19.15582, -9.66708, -1.81729, -11.55264, 43.97287, -18.71904, -9.01341, 40.28305, -112.10265, 35.56505, 0.05742, -73.02865, -0.41097, 5.47545, -57.47723, 4.06699, -42.05734, 60.87896, -29.02053, -30.81219, 30.14427, 0.04123, -2.63742, 5.39456, 3.08567, 7.89127, -22.73016, -12.88191, -80.54723, -6.65379, -15.84947, -3.46099, 142.86199, -8.32055, 11.08430, -57.40769, 9.36666, 12.59879, -5.17508, -2.40327, -4.48995, 57.64976, 149.19484, -133.90043, -1.32316, -120.16649, 141.55961, 39.52938, -59.45371, -130.59863, -139.33842, 173.33405, 70.97907, -8.96408, 47.55793, 20.34066, -67.52439, -137.09258, 0.56191, -155.12053, -6.25897, -123.15708, -153.17016, -7.20155, 16.54045, 152.11815, 74.38122, -7.65497, -116.11325, -102.86296, 12.57561, 114.91263, 31.99024, 76.56545, -24.83657, 49.51977, 172.84568, 27.85142, 54.14083, 44.83418, 168.27432, 12.89751, -89.69759, -27.05058, 178.95389, -166.17592, 116.02713, 91.62838, 157.22398, -17.16906, -40.22164, -70.29444, -119.80385, -9.15607, 1.01352, -36.33802, -13.57151, 7.85975, -3.65365, 93.70714, -173.23104, -17.56366, 6.15029, -75.25023, -17.49692, -139.74598, 117.63562, 152.27917, 33.23036, 19.90158, -85.83203, -144.91943, -41.69034, 
 | Execution: 26 Overall Best: -20.6114 -> -33.0093 GPU Time (s): 0.60060071 and HJ Time (s): 13.15903020
 +==============================================================+ 
 | 27 -- Promising region found with value: -22.704840.
 | HJ uses 50192 / 50000 iterations [0.005153775207320119601528407571].
 | 27 -- Conformation 
 | 50.75690, -6.42263, 38.25342, 28.33009, -54.45377, 13.70043, 2.14650, -88.09716, -4.54936, 49.70421, -56.55181, 12.07943, -3.14650, 4.76568, -6.28374, 17.39343, -48.05441, 12.56073, -70.61590, 5.78610, -65.52858, 7.91849, 38.18279, -24.67996, 17.88514, -92.59785, -11.16105, -80.44500, -16.78065, 13.45689, 93.09810, -1.26544, 32.90464, -7.38206, 52.96784, 46.99951, 24.40393, -8.54792, -48.05530, 33.24700, -36.56751, -115.40329, 18.50612, -76.82307, -45.16954, 61.16248, -39.74460, -59.06826, -6.88149, -1.81949, -2.72353, -3.00381, -65.44558, -8.86934, 63.02566, 12.33656, -14.48078, 105.62627, -8.27371, -70.73619, 2.99174, -1.93741, 7.63605, 2.01617, 7.55484, 4.14065, -32.89708, -11.70070, 11.05644, 66.48971, -17.24373, -5.93453, -4.85329, 31.83684, -45.45299, -137.32295, 17.42310, 4.34372, 106.50414, -15.08822, 164.18646, -125.29968, -72.16961, -139.55525, -78.78934, 32.70100, -68.77021, -133.96586, -7.95789, -41.68802, 164.73074, 42.58287, -8.49932, 123.79404, 25.27570, -35.75623, 63.01956, -15.30308, 141.64842, -5.06676, 26.92002, -84.00402, -73.59299, 156.61229, -147.87347, -93.87368, -7.30389, 56.26000, -32.74214, 79.51731, 38.43437, 18.05039, 141.22741, 8.15667, 53.80949, 162.29352, -146.49173, -18.90925, 6.97088, 8.31703, 8.14005, -15.54467, -41.53781, -77.89967, -22.96971, 76.16223, 15.98784, 19.42457, 30.38613, 154.34706, 19.21929, -19.27826, -153.99611, 104.63956, 141.98221, 57.55551, -24.38416, 40.76986, -17.96008, -118.31050, -10.77272, -44.34290, 162.04782, 122.44010, 20.66685, 
 | Execution: 27 Overall Best: -22.7048 -> -33.8718 GPU Time (s): 0.58961200 and HJ Time (s): 13.22272182
 +==============================================================+ 
 | 28 -- Promising region found with value: -23.930737.
 | HJ uses 50021 / 50000 iterations [0.002738927449953411710770190268].
 | 28 -- Conformation 
 | 21.91522, -6.25273, 13.25473, 5.89208, -19.27812, -3.90145, -78.63650, -1.04765, 45.75047, -29.65044, -5.06641, 3.46861, -36.39528, -19.21271, 19.98526, 15.55963, 6.12886, 15.93823, -4.11305, 18.93552, -38.48874, 77.28902, -5.65753, -12.39471, -20.74149, 58.99455, 81.19040, -48.51511, -84.36654, 19.57984, 82.95705, -63.31639, -94.10868, -12.51120, -7.78718, -15.44677, 126.00173, -105.18380, -39.11754, 82.89638, 0.69382, 96.12725, 25.37770, -4.00199, -64.56608, 83.33434, -15.18022, -68.60481, 6.33042, 10.27458, -36.25491, 15.28716, 119.80468, 35.87523, 59.77639, -4.31650, 24.31071, 119.92896, -8.59725, -28.38165, -76.56192, -34.39376, -42.67371, -96.73795, 10.61081, -26.41874, -23.10275, -8.83293, 1.44184, -107.56359, 16.15497, -4.70084, -17.38745, 10.05996, -6.44765, 13.00335, 117.25151, -177.60635, -1.58405, 130.22841, 24.19464, -171.36535, -155.64068, 177.58267, 120.88891, 6.80706, 30.29088, 31.95675, -59.13686, -2.91231, 102.61993, 13.66236, -59.43366, 150.36505, 119.48570, 112.34914, -147.41518, 124.37647, 39.89304, 8.39427, -36.63165, -164.90290, 69.43182, -5.61431, 49.28875, 139.04988, 35.70550, 86.20433, 36.05285, 10.78305, -2.18740, -175.86498, -117.91441, 4.14255, -99.59247, -101.29454, -143.12418, -23.50114, 121.40080, -159.27631, -52.52190, -79.48893, -132.41580, 146.12082, 150.86592, -134.45148, -59.33432, -110.31050, -69.40982, -159.35971, -47.44832, 32.05877, 17.34833, 130.27795, 73.10350, -5.43409, -104.46897, -36.48708, -140.37640, -161.62557, -61.09546, -159.28608, 81.77457, 119.56639, -140.20647, 
 | Execution: 28 Overall Best: -23.9307 -> -39.6420 GPU Time (s): 0.53650641 and HJ Time (s): 13.08280301
 +==============================================================+ 
 | 29 -- Promising region found with value: -22.530645.
 | HJ uses 50219 / 50000 iterations [0.003043252722170457311851032856].
 | 29 -- Conformation 
 | 17.91093, -61.98110, 23.80544, -70.26246, -1.24464, 132.92014, 46.37259, -27.94501, 37.46866, 3.15454, -4.91266, -40.14323, 24.46579, -24.95515, -26.12049, 70.19470, -9.38367, -0.03752, -5.26209, -0.82519, 0.50883, 0.26457, 26.76226, 9.55215, 11.56250, -0.97341, -149.99429, -36.40733, -4.86800, -98.91032, 5.61259, 9.07601, -11.31645, -16.07960, -6.12996, 47.88369, -20.30139, 13.91071, -16.55977, -4.51426, 0.55275, 2.99675, -11.57461, 2.13691, -0.05458, -24.62256, 0.55994, -92.57704, 31.96462, 24.74328, 11.64880, 25.30999, -61.35434, 0.35701, -14.20622, 7.42125, 1.64576, 1.11529, 0.94165, 23.59656, -49.96978, 4.47340, -2.76499, 2.56151, 19.68218, 8.86278, 8.54030, -57.78787, 21.80237, 40.13640, -27.06786, 16.99479, -57.89988, -12.32391, -128.49958, -178.44477, -30.06444, 166.34244, -125.80579, -162.74436, -22.50830, 30.07565, 0.96723, -1.54180, -24.70621, -157.56902, -59.74562, -147.62818, 158.14945, 89.84403, -169.33012, -110.46452, -104.34205, -1.11365, -4.79542, -44.55179, 59.48108, -52.15010, 134.22052, -51.05835, -119.19095, 25.96474, -18.86299, -130.49261, -74.73884, -63.18998, -162.32678, 174.14324, 35.30760, 155.34307, -153.69257, -171.98495, -179.59258, -147.31601, -54.84780, -31.01069, 40.11200, 22.61806, -80.48202, -1.54471, 100.39623, 17.33603, -62.14350, -98.48408, -25.97033, 64.22774, 86.00827, 130.61977, 165.68560, 116.16033, 83.62228, -173.81654, -17.59698, 80.06677, 81.90350, 112.73464, 141.67822, 158.49621, 60.18621, -20.46026, 173.07334, -178.57000, -44.54141, -2.36201, -153.18164, 
 | Execution: 29 Overall Best: -22.5306 -> -31.6939 GPU Time (s): 0.54883124 and HJ Time (s): 13.01005793
 +==============================================================+ 
 | 30 -- Promising region found with value: -23.804688.
 | HJ uses 50019 / 50000 iterations [0.002738927449953411710770190268].
 | 30 -- Conformation 
 | 10.22630, 105.95687, -49.52153, 63.74792, -14.01753, -26.57911, -2.20700, 4.08729, -44.55380, -36.18854, -5.14097, 10.22164, 36.21325, -25.93139, 3.93969, -44.63564, 44.17121, -4.46281, 7.80731, 15.04860, -39.09722, 35.92833, 18.18293, -81.37318, 35.22908, -75.34988, 0.88775, 41.24474, -4.04177, -93.50492, 22.32336, 67.81463, 1.13250, 0.47786, 0.38889, 2.95733, -1.21538, 10.47063, -7.63886, -0.72121, -4.46651, 2.52773, -5.89055, 7.63221, -0.84687, 1.43538, 0.07768, 0.24114, 0.93220, 5.60211, 3.14544, 0.79232, 1.29450, 1.76955, -0.29866, -1.63932, -0.76650, -17.03109, -24.55517, -0.30949, 41.07801, -0.46944, 0.69382, 16.69092, 7.06458, -0.68398, -15.95050, 84.85395, 8.82457, 2.99450, -20.69681, -5.37161, 0.13725, 179.38100, -10.22871, -125.41559, 155.85676, 85.84133, 147.22960, -141.05154, -24.62202, -22.89699, -40.42981, 28.16633, 13.51881, -110.69761, -1.69712, 34.13634, -163.16548, -151.74259, -44.39490, 13.42788, -7.00256, 171.30966, -154.11676, -47.81244, -5.76355, 5.42821, 97.80174, -151.21335, -91.99145, 21.57853, 7.22247, -61.52776, -48.63382, -50.53747, 51.07554, -8.69599, -111.91738, 0.68822, 59.01930, 26.39346, -57.96548, -145.97277, -42.47753, -27.18204, 72.33532, 7.71973, -93.30519, -108.01965, -56.51072, -6.74773, 26.16061, -3.41587, -19.30744, -121.61076, 177.91169, -162.75606, 172.53116, -141.09592, 174.90145, -85.72412, 13.98463, -87.18092, -85.94998, -120.39105, -96.84085, -69.33214, 6.41515, -10.10030, 109.41651, 90.38800, -14.97345, -71.17872, 30.08911, 
 | Execution: 30 Overall Best: -23.8047 -> -32.0028 GPU Time (s): 0.55806360 and HJ Time (s): 13.00591612
 +==============================================================+ 
 |                     EXPERIMENTS RESULTS                      | 
 +==============================================================+ 
 | Objective Function:
 | 	 mean:         -3.67852287292480468750E+01
 | 	 std:          +6.59621715545654296875E+00
 | Execution Time (ms): 
 | 	 mean:         +544.685
 | 	 std:          +42.566
 +==============================================================+ 
