+==============================================================+ 
 |                      EXECUTION PARAMETERS                    | 
 +==============================================================+ 
 | PDB ID                                   1PCH
 | Protein Sequence [88]                   ABBBAAABBBAAABABAABAAABBABBBBBBABAAABBBBABABBAABAAAAAABBABBABABABABBABBAABAABBBAABBAAABA
 | Number of Executions:                    30
 | Population Size:                         100
 | Number of Dimensions:                    171
 | Number of Function Evaluations:          650000
 | Optimization Function:                   3D-AB
 +==============================================================+ 
 | Structure (A | S1)
 | 	 Number of Threads                        32
 | 	 Number of Blocks                         4
 | Structure (B | S2)
 | 	 Number of Threads                        192
 | 	 Number of Blocks                         100
 | Structure (C | S3)
 | 	 Number of Threads                        96
 | 	 Number of Blocks                         100
 +==============================================================+ 
 | Number of Dimensions:        171
 | Protein Length:              88
 | Protein Seq:                 ABBBAAABBBAAABABAABAAABBABBBBBBABAAABBBBABABBAABAAAAAABBABBABABABABBABBAABAABBBAABBAAABA
 | Rho:                         0.900
 | Epsilon                      0.000
 +==============================================================+ 
 | 1  -- Promising region found with value: -55.918663.
 | HJ uses 150039 / 150000 iterations [0.000696198609130886550237782284].
 | 1  -- Conformation 
 | 13.91225, -35.39262, 30.79424, -69.56367, 17.81359, -9.34862, 0.30585, 20.34546, 21.96125, 3.17836, -18.32956, 9.38646, -115.27407, -14.51113, 6.88636, -128.24028, -49.24931, -84.02425, -10.22939, 131.73712, -27.91103, -3.36784, -1.55261, 99.02474, -8.65862, -6.89112, 4.28150, -83.50330, 144.98992, -33.71747, -145.87125, 38.12796, -58.74983, 106.26720, -16.67559, 70.83952, 167.90088, 91.27113, -26.47821, 54.00240, -26.74663, -59.21470, 29.10819, -134.88358, 35.86553, 2.84164, -5.41202, -97.25466, -150.15888, 116.47170, 3.90128, 36.43963, -107.42016, 9.38198, -59.44043, 37.37491, -114.64524, 67.60430, 166.44282, -94.03742, -6.93291, 0.20413, 46.26887, 35.74650, 83.47307, -5.64870, 72.42527, 61.88361, -95.26974, 32.17670, -1.09503, -7.73577, 42.99615, 2.13058, 9.83338, -1.11861, 19.08390, 24.06783, -24.19729, 49.39712, 48.52864, 86.80809, 0.96390, -161.54841, 4.44489, -34.53067, -115.52668, -140.97587, -147.04204, -62.28820, -27.83929, -76.07708, -179.38576, 130.22147, 121.82764, 9.01757, 9.33683, 30.13385, 67.13043, -177.14106, 9.54781, -25.15519, -142.78589, -22.84409, -34.69363, -63.35522, -54.88083, 0.89158, 11.96514, 160.51934, -102.63702, -167.75680, 16.84170, 52.42853, 109.92441, 37.12703, 32.81044, 160.18949, 131.64323, 110.87479, 34.79313, 27.45661, 165.86335, 57.74808, -20.30736, 112.96231, -147.03586, -41.35806, 168.24348, 19.55526, 19.68518, -92.31077, -47.51904, 53.30452, -28.42680, -89.63528, 19.01118, -133.56155, -96.51355, -125.06897, 166.48681, -5.26246, -158.30502, 38.91458, -24.81203, -124.05167, -11.93954, -68.33279, 44.57528, -45.63608, -179.63950, 107.60024, 3.58595, -124.25727, -9.18248, 72.29743, 156.61506, 22.68819, -22.66939, -43.11721, 0.76153, 101.25661, 152.34410, 157.79011, 123.91872, 143.78674, 131.88523, 60.71002, 7.37923, -161.03229, -36.96937, 
 | Execution: 1  Overall Best: -55.9187 -> -85.8532 GPU Time (s): 1.18287769 and HJ Time (s): 54.03600812
 +==============================================================+ 
 | 2  -- Promising region found with value: -39.444962.
 | HJ uses 150029 / 150000 iterations [0.000332989636531614858344640950].
 | 2  -- Conformation 
 | 92.66404, 10.48260, -0.25650, -2.90507, 5.12236, -28.06332, 20.74595, -36.08935, -8.42111, -16.56485, 94.01775, 13.67411, 65.20408, -30.63770, -96.95953, 63.46365, -15.83351, 117.33589, 14.51256, 83.96700, 11.09826, -27.99713, -12.21533, 2.83529, -9.10681, -42.07085, -64.26548, 17.74666, 5.97602, 11.09916, 25.86531, 34.68332, 78.53043, 78.07869, -3.82507, -22.93715, -68.30993, 1.01140, -1.09326, 11.17393, -56.88708, 4.09012, -35.29374, 171.12611, 28.86770, -39.18172, 35.76795, 16.80237, 132.12724, -117.97193, 141.06770, -90.71877, 159.49295, 68.17876, -12.80090, 169.52816, -15.49399, -22.74266, 61.72910, -47.03457, -32.93808, 18.43241, 19.47579, -50.09561, 5.86694, 109.56105, -5.23887, -35.59679, 5.92049, -4.56219, 28.52055, -36.42978, 36.45607, -62.32115, 1.89743, 59.13415, -11.66076, -42.19398, -37.60681, -20.33099, -0.55463, 166.15985, -66.60087, 48.63351, -113.68977, -13.10866, 178.14480, 144.51493, 108.68827, -4.97609, -22.96988, 1.97592, 116.56339, 157.81203, -172.26316, 164.92407, 99.19036, -12.55063, 144.99099, -117.90122, -70.92722, -116.81927, 176.57107, 25.90924, 75.55846, 21.09421, 42.61218, -16.26534, -121.52436, -88.98065, -68.25202, -13.81062, 91.39193, 114.68307, 61.51244, 100.33788, -14.02022, -11.03554, -122.47402, -106.91585, -70.20717, 0.33111, 90.68140, 90.19876, -8.54646, 139.82985, 11.76883, -35.04668, -176.27791, -21.68449, -18.09868, 135.01186, 61.24475, -10.43478, 12.00935, 133.88751, 173.43436, 49.99118, -3.16907, -83.26111, 8.70669, -116.55191, -29.01711, -11.65550, 23.11720, -9.27250, 112.37744, 9.57171, -168.96365, -41.77543, -31.44467, 139.58723, -123.66750, -128.79704, -147.63066, -174.63852, -164.23231, 32.20988, 47.85687, 40.13607, -11.03499, 66.74390, 45.38182, 11.42992, 45.04900, 134.53831, -40.36621, 177.79099, -147.64816, -57.01037, 18.64763, 
 | Execution: 2  Overall Best: -39.4450 -> -85.6109 GPU Time (s): 1.13746631 and HJ Time (s): 54.10322833
 +==============================================================+ 
 | 3  -- Promising region found with value: -53.775906.
 | HJ uses 150242 / 150000 iterations [0.000332989636531614858344640950].
 | 3  -- Conformation 
 | 92.57576, 3.22940, -5.19107, -4.05691, 116.02546, -14.45493, 20.95713, 3.77036, -14.73065, -40.61816, -31.25309, 1.51853, -52.99057, -43.90363, 12.25053, 152.94965, -13.72822, 28.92697, 126.82078, 60.02699, 9.68473, 42.40017, 2.50151, -17.43548, 24.33520, 3.22139, -66.66195, 2.57556, -11.86293, -7.14508, 96.51813, -15.71673, -80.71989, 0.51052, -5.19815, 13.92204, 12.03988, -8.51708, -3.10219, 22.11844, 173.19639, -118.24061, 10.48269, 17.82873, 76.26483, 7.05573, -93.19964, -51.96837, 21.72244, -41.74282, -124.42758, 149.18759, -44.62079, -2.84302, 50.51457, 45.27253, -41.94695, 58.35818, 0.40082, -52.19389, 14.65876, -10.83560, 16.84819, -127.78311, 0.88083, 67.45087, -72.73873, 24.23253, -168.30361, -7.35832, -11.18897, -35.36885, 8.47656, 14.76201, 3.71573, 29.40313, -88.88787, 4.68358, 29.15017, -17.08928, 10.39883, -43.43522, 1.28095, -125.01493, 37.99176, 1.03824, -159.55337, -149.41125, 172.52811, 148.09659, 34.13985, 27.66082, 19.65370, 33.22814, -20.78419, -25.58297, -89.51342, 158.29037, -174.21548, 56.87505, 175.91073, 31.28908, 159.60830, 5.80349, -22.16909, 10.46900, -38.97380, -81.72290, 23.76051, 76.51761, 134.24303, 0.92024, -117.41560, -14.89996, -17.91620, 2.13453, -12.00036, -20.94931, 88.36131, 53.34906, 26.30222, -28.13243, -128.28919, -149.13301, -47.24815, -14.95861, -155.74174, -1.19091, -5.94752, 17.81166, 23.37868, -48.44676, -18.12847, 145.53338, -109.45027, -155.57138, 18.76632, -175.38366, -153.62540, -114.52946, -12.28036, 23.68746, 167.18822, 106.69945, -11.77305, -167.15735, -46.93867, -47.91348, 123.41150, -36.88796, -112.60225, -36.75658, 145.52414, 13.01235, 128.13786, 50.33987, -32.80273, 76.95751, 153.73553, 120.33664, 53.57987, -142.36577, -68.43463, -57.86406, -55.64041, -21.58472, -58.61163, -92.96437, 22.72751, 124.92172, 4.70342, 
 | Execution: 3  Overall Best: -53.7759 -> -69.2127 GPU Time (s): 1.26534973 and HJ Time (s): 54.38378000
 +==============================================================+ 
 | 4  -- Promising region found with value: -39.934967.
 | HJ uses 150193 / 150000 iterations [0.000626578748217797862687938881].
 | 4  -- Conformation 
 | 42.99405, -60.17270, -100.31808, 48.97259, 16.09611, -1.44791, 39.61763, 15.52491, -1.49355, 6.13842, -50.33740, -119.71064, 104.12590, 2.14351, 79.06359, -33.51254, -106.50219, -38.28282, -92.04990, 32.08269, 14.15055, -97.84821, 34.29451, 102.98677, 90.52554, 36.02989, 1.31066, -113.24955, 6.41535, 35.08023, -19.73721, 76.18832, 106.36280, -119.34622, 4.84369, 7.26286, 89.37161, -46.39915, 22.18751, 125.20167, 11.85253, 19.26449, -7.18638, 24.57882, -24.78099, -21.02378, -12.78411, 48.70429, 20.28189, -45.95129, 21.90334, -7.85661, -170.57256, 9.20376, 4.08005, 6.26320, -3.57290, -14.64735, -155.64728, 37.96416, -50.19598, 8.99767, 45.32655, -4.43336, 46.21686, 24.90675, 75.37003, 0.71991, 26.57170, 56.03633, -44.78306, -148.80011, 148.91188, 91.84433, 43.18776, 123.81739, 23.74935, -113.24117, 79.88800, 108.84725, 81.41119, -55.17439, 115.82000, -33.78854, -179.26945, -15.99952, -14.17016, -10.17069, -173.88047, 71.84242, 36.36446, 81.20505, -175.57550, -137.48495, -108.90132, -10.90725, 6.80173, 47.25172, -155.78180, 33.48024, 61.36084, 8.35231, -164.16692, 166.26964, -9.35676, 19.95874, -117.99555, -149.81937, -9.81991, 0.91120, -21.67128, 39.03407, 6.47977, 134.65293, 149.73952, -125.97530, 154.79969, -125.16237, -2.74893, -145.38085, -177.94153, 15.88451, 54.42186, 10.03773, -18.74721, 73.29207, 175.76064, 88.86872, 1.29536, 77.99261, 18.59619, -94.60650, -120.17393, -1.52033, 179.09598, 36.19961, 153.58948, 116.32399, 39.67595, 99.83839, -157.66503, -153.55431, -105.97147, -18.24019, -47.10792, -95.27879, 21.95803, -69.41991, 38.98675, -50.16540, -19.88669, 24.04460, -176.16636, 154.13845, 121.60251, 31.22967, 121.43301, -12.05143, -37.81877, -47.78681, -60.08917, 166.03928, 49.58081, 110.59291, 45.62850, 137.32221, -35.15446, -113.32025, -135.45623, 7.08683, 56.69051, 
 | Execution: 4  Overall Best: -39.9350 -> -111.6434 GPU Time (s): 1.16979822 and HJ Time (s): 54.53634095
 +==============================================================+ 
 | 5  -- Promising region found with value: -39.151939.
 | HJ uses 150230 / 150000 iterations [0.000456775907450774763980672066].
 | 5  -- Conformation 
 | 9.67112, 10.35009, -0.89428, 5.55173, -27.05934, 0.15533, 34.11927, -0.56037, -8.19617, -115.55339, 45.51885, 98.27420, 31.78338, 138.17234, -112.46944, -39.76552, -113.59027, -8.72005, 2.53385, 62.54512, 3.37734, 42.71004, -6.81214, 14.62197, 5.18335, 3.71633, 2.06668, 17.17365, 18.88426, 71.52193, -2.90213, 21.75822, 59.85050, -1.22470, 3.45243, 66.87795, 1.90578, 129.39014, -16.62710, -66.76158, -5.21358, -9.43595, 59.55456, -34.24280, 17.95571, 162.27878, 13.87042, 14.79426, -63.99173, 8.76612, -179.60276, 94.56745, -82.08495, 11.89807, -3.99768, 147.73634, 167.28284, -132.43572, -32.30201, 41.92525, 9.60958, -43.35993, -129.84668, -22.25773, 65.21980, -6.95481, 54.40127, -2.26613, 23.25264, -8.81064, 15.08090, 123.54977, 8.98211, -2.79893, 6.99081, 25.94086, 57.65684, 8.90480, -12.72651, -6.50233, -0.04945, -3.12645, 9.14406, -24.42131, 96.48672, -16.95614, -5.51744, -7.25697, 20.52705, 137.13854, 166.13614, 175.75208, 129.18848, 83.98781, 141.54861, 50.43282, 8.17372, -127.19738, 21.69593, -10.30461, 33.37616, 46.20625, -134.18867, -60.84238, -38.54387, -125.81564, -141.18696, -136.43682, -28.65697, -34.15276, -16.67636, 88.74685, 144.19110, 39.81561, 0.44397, -179.00753, 66.50428, -22.14394, -75.09986, -114.88416, -160.07767, -23.59042, 148.48970, -10.70272, -133.76776, 5.70450, -99.00165, -178.16760, 57.37323, 27.74690, 172.65412, 127.02580, 136.97864, 155.71821, -17.48742, -49.68517, 33.14008, 135.83198, 85.33131, 92.37967, -14.78471, 6.32334, -22.14371, 18.10419, -122.35740, -8.63146, -142.11006, 161.19801, -158.27554, -41.57351, -160.55871, 139.20606, -129.01991, -66.44034, -105.11248, -163.18219, -1.37860, -19.55804, -8.41203, -59.85847, -114.30763, 150.35729, 105.98875, 22.94993, -56.61767, -90.40089, -54.67384, -72.29697, 173.45250, 30.35792, -3.61933, 
 | Execution: 5  Overall Best: -39.1519 -> -80.0628 GPU Time (s): 1.15263892 and HJ Time (s): 54.27754712
 +==============================================================+ 
 | 6  -- Promising region found with value: -66.065468.
 | HJ uses 150083 / 150000 iterations [0.000563920873396018141471275342].
 | 6  -- Conformation 
 | 87.21398, -9.54845, 25.56694, 0.93751, 3.77157, 19.08122, -94.87111, -166.40955, -4.56222, -16.03269, 7.06774, 28.29229, -175.67675, -85.52825, -12.84377, 159.32752, 25.99413, 1.47363, -113.84749, 42.32002, -75.10629, 10.52457, -70.56706, 32.58115, -11.27643, 80.51243, -57.55877, -19.42678, -2.76277, 5.97825, -15.52197, 42.39803, -81.08938, 3.62819, 25.39874, 15.57904, -3.09193, -6.70663, 3.00723, -0.59681, 71.37169, -4.46857, 36.07615, 44.53966, -25.42082, 1.84163, 124.20617, -26.25682, -14.10446, -98.26393, -23.45167, -105.10282, 21.15227, 18.29595, 54.76355, -128.04528, -6.51607, -11.42314, 52.88604, -9.64203, -56.17566, 14.99216, -53.29652, -90.36262, 37.84332, -7.67257, 152.15737, -6.06919, 1.57053, -148.83011, 2.95537, -3.61527, -36.88790, 75.47218, 135.09204, -8.73660, 108.62946, -15.26371, 28.34327, 17.41479, -0.65671, 10.68101, 0.65180, 134.44689, 116.59751, -34.95898, 26.53940, 16.19368, 20.42319, 133.16165, 106.83555, 133.53559, -148.97897, -81.10462, -132.38983, -16.08007, -21.10124, -43.35355, -16.31213, 147.56509, 9.66643, -141.18681, -23.91394, 163.82507, 73.75250, 170.47170, 73.59917, -1.93077, 0.94376, -9.19076, 66.85422, -164.71469, -78.44647, 23.68335, 33.14246, 140.37970, 2.35031, 145.30017, -132.07107, -161.94172, -122.94100, -14.39993, -115.94832, -82.37943, 17.94320, -163.73209, 88.75038, 23.91621, 65.13277, 35.11834, 52.00503, -4.52143, -143.94573, -34.73826, 147.01016, -156.54434, -38.23640, -98.79996, -4.84018, 71.54516, -144.11521, -91.40496, -65.61870, -170.24860, -19.82545, -29.91149, 68.53087, 38.41451, 159.93511, 118.77427, 110.15059, 14.57415, -84.24803, -93.86310, -147.51252, -25.99848, -92.19778, 154.52851, 60.89490, 42.24610, 90.12665, -168.55166, -42.95930, 20.16554, 39.27040, -46.36856, -133.76709, -162.71560, -145.97931, 157.96360, 141.36217, 
 | Execution: 6  Overall Best: -66.0655 -> -92.1788 GPU Time (s): 1.26979578 and HJ Time (s): 54.09858704
 +==============================================================+ 
 | 7  -- Promising region found with value: -43.279037.
 | HJ uses 150259 / 150000 iterations [0.000626578748217797862687938881].
 | 7  -- Conformation 
 | 75.81925, -55.76369, -42.33458, -24.62642, -0.46855, -35.10629, 6.93034, -13.25356, 53.31402, -85.24241, 77.81395, -0.95834, 66.02513, 46.66754, -1.32609, -145.92587, -164.43097, -50.84735, 14.06504, 6.76110, -61.79002, -35.47175, -70.93720, 115.02352, 172.55923, -18.78769, 6.33370, 46.57652, -42.98804, -49.13530, 73.35599, -64.17631, -16.14649, 53.03627, 106.78062, -35.08564, 44.04911, 30.89825, 4.93384, 3.06026, -44.72359, 34.51041, -78.50181, 70.88489, 23.12484, 19.89072, -0.05354, -6.20818, -6.22777, -40.79115, 40.42229, -97.05671, -6.89354, -34.90393, -3.31363, -8.82626, -1.77940, 135.52926, 28.12809, -16.91439, 1.21170, -47.73740, 39.04582, 99.60660, -7.01953, 11.59455, -7.38248, 1.00841, 6.30053, 11.27339, -22.25377, 3.90155, 0.59192, 49.62710, 36.03877, -8.75983, 2.31585, -1.95216, 83.41832, -1.75671, 3.79171, 11.62115, 70.84066, -48.43444, -82.88245, -26.89264, -154.06259, -169.92032, -128.62185, -13.97526, 4.90909, 2.62991, -99.09262, -70.65577, 176.11239, -105.53354, -9.90238, 177.47201, -76.15695, 165.63479, 66.38641, -0.43107, -3.57861, -30.67824, 80.39359, 51.88757, 53.51483, 61.36933, 13.62787, 6.13174, -83.33829, 175.44809, 114.36529, -18.07689, 25.73256, 36.33554, 18.63451, -61.36133, 33.00615, 24.81534, -174.63758, 68.63478, -36.55985, 20.80579, 126.64516, 1.70117, -167.70485, -10.07846, -137.24384, 151.96840, 160.12020, -87.45305, -72.48254, 38.11533, -71.91472, 27.08862, -140.32580, -78.56514, 3.58178, 95.82342, 32.83230, 121.72112, -20.68151, 0.00039, -124.92993, -31.11873, -163.89040, -116.72720, 10.26699, -72.00051, 14.89895, 100.66854, -1.69500, 90.29355, 171.24603, -158.04787, 146.39185, 32.03034, -20.70579, -42.97646, -14.31217, 88.10605, 136.80596, 119.17881, 71.23544, 158.74002, -116.72010, -71.84904, -22.42207, 26.26885, 170.24513, 
 | Execution: 7  Overall Best: -43.2790 -> -91.1044 GPU Time (s): 1.14912671 and HJ Time (s): 54.19771695
 +==============================================================+ 
 | 8  -- Promising region found with value: -60.443581.
 | HJ uses 150206 / 150000 iterations [0.000411098316705697298424626585].
 | 8  -- Conformation 
 | 42.94934, -12.45987, 0.27454, 0.74746, 3.92537, -16.13530, -24.52945, 52.00349, 38.00306, 7.06638, -73.08953, 26.35439, -121.31063, -20.74678, -147.15486, -92.37018, 0.65261, -114.21887, 75.37344, 11.39924, -3.14177, 18.61464, -75.28519, -101.59596, -115.03055, -0.23576, 4.40861, 74.29772, 151.78531, -42.64981, -20.93212, 3.85481, -1.34752, -8.27134, -73.47619, -16.94866, 26.73183, 88.16909, -15.76811, -2.44476, -86.30116, 3.79947, 3.91594, -1.48953, -5.79125, 89.19787, 163.42558, -51.62281, 24.33953, -117.41099, -3.72720, 26.97567, -29.88788, 4.05254, -2.38165, -32.20663, 131.40619, 92.29650, 27.06295, -4.71634, -79.00345, -1.03882, 70.13651, -33.62657, 48.91643, -6.38492, -37.27855, 33.31427, 25.31666, -7.95637, 11.93728, -144.52006, -10.39687, -19.32603, -1.15459, 137.96611, 98.29625, -30.95840, -6.59735, -20.50052, 116.44732, -0.81363, -5.39274, 107.99894, 16.06340, 68.74453, -122.97278, -145.82531, -162.94136, -52.19740, -104.02917, -137.27908, 1.16634, -32.81466, -11.58075, -33.06233, -1.32265, 62.81623, 120.28161, -44.54360, -33.49170, 173.13104, -150.45275, -25.37773, 179.58299, -153.89157, -157.41370, -49.58904, -155.52875, 176.50767, 134.52147, 94.60103, -8.91551, 135.33890, 17.23654, 125.06109, 8.00069, -4.21895, -112.75594, -165.52839, -142.24625, -115.25751, 158.48878, 24.11083, -80.88881, 23.84041, -143.90907, -90.59679, -61.87512, -78.61312, -18.23469, 121.90078, -20.06680, 103.43719, -33.30634, 4.87336, 121.88450, 77.21598, 132.17831, 61.55699, -34.42675, 127.64205, 39.80185, -50.79619, 57.58100, -25.33578, 84.70611, 149.09505, -162.23520, 121.60810, 138.80234, 140.25906, 0.53366, -71.64504, -95.28866, -2.76633, 123.83584, -52.16700, -52.12822, -91.05341, -42.64354, 47.58239, 74.89255, 49.75521, 97.36066, -2.33147, -92.56228, -39.04576, -161.42812, -85.09862, 25.69120, 
 | Execution: 8  Overall Best: -60.4436 -> -82.0760 GPU Time (s): 1.26630298 and HJ Time (s): 54.24966502
 +==============================================================+ 
 | 9  -- Promising region found with value: -41.591957.
 | HJ uses 150203 / 150000 iterations [0.000563920873396018141471275342].
 | 9  -- Conformation 
 | -0.71085, -8.17022, -28.62090, -45.28593, -74.15841, 56.48864, -15.46186, -1.84839, 73.61383, -71.49329, -0.31500, 7.68777, 6.47375, -95.08401, -171.61980, 141.69363, 88.86638, -79.02142, 37.13789, 61.21340, -17.37024, 4.67143, -21.33737, -41.08512, 29.38955, -139.99838, -34.49875, 12.78281, 11.24513, -9.29312, 10.95320, 42.52815, 15.67967, -43.59656, -6.38361, 19.42954, 10.98495, 111.96370, 65.66032, 146.70856, -102.73551, -28.33581, -114.68034, -49.61353, 5.11339, -7.62502, 7.81662, 62.85388, 21.18910, 34.41688, -29.83772, 17.76894, -25.75517, -17.76481, -5.11067, -2.97325, 7.75534, 1.25414, -35.23920, -2.28256, 34.61515, -33.71719, 150.78031, 77.27524, -23.49707, 97.02334, -46.29294, -12.70837, -15.72989, 177.02432, 94.01033, 12.84399, 36.11742, -61.61248, -19.05654, 11.58410, 17.74825, -15.01959, -96.29452, 7.35065, 15.12775, -16.99059, 131.23520, -4.90836, 27.58542, 20.54234, 99.31498, 118.47664, 177.83369, 62.49620, 134.85191, 53.99106, -38.53941, -54.29803, -153.57937, 101.28656, 41.61147, -71.53621, 166.33045, -26.35296, -8.03425, -77.51325, 9.30116, 124.21372, 62.72445, 72.97465, 97.80764, 79.48361, -20.16969, -81.85173, 0.17475, -27.42240, 52.65847, -22.14207, -63.76966, -167.05357, -52.42814, 8.17934, 147.84448, 128.68440, 92.84116, 38.40841, -166.45627, 136.41381, -9.94241, 38.80924, -174.22539, -50.09030, 17.03701, -6.62460, -51.34589, 62.44031, 48.64385, 169.81428, -178.24385, -22.91701, 27.35044, 18.18843, -41.19478, -26.50957, 77.14864, 138.27819, 93.90900, -164.67407, 81.63957, -177.05064, 4.82931, 143.05335, -15.13253, 19.95477, -141.22364, 25.34462, 137.48688, 79.20082, 44.73056, -1.45808, -93.77895, 152.86906, 135.76078, 146.55822, 96.88710, -3.40911, -45.00118, -4.39805, 126.50045, -147.37379, -54.91423, -146.13940, 73.50676, 136.24681, -111.43832, 
 | Execution: 9  Overall Best: -41.5920 -> -77.7104 GPU Time (s): 1.16876685 and HJ Time (s): 53.98860097
 +==============================================================+ 
 | 10 -- Promising region found with value: -40.822613.
 | HJ uses 150127 / 150000 iterations [0.000299690672878453394194220305].
 | 10 -- Conformation 
 | 23.41250, 31.21751, 82.25387, 46.89456, -67.43662, -99.98057, -49.69358, 46.51544, -88.87483, -49.68017, 92.41879, -134.02733, -69.91781, -6.86943, -130.97742, 102.74726, -143.32659, -35.31835, 32.68538, -95.44927, 85.47381, -91.29415, 48.47143, -12.27302, 12.51127, 34.48155, -44.44066, -122.87492, -53.94343, -69.15547, 31.82885, 6.83631, 14.49003, 13.33392, 12.09528, -54.71968, -10.11558, 14.91916, -94.38919, -13.35074, -91.58907, 24.03231, 115.44320, 18.52613, 94.11449, 8.21041, -37.70312, 106.79897, 110.92973, 153.63658, 52.74139, -64.88273, 3.01396, -27.22617, 5.50047, -0.95818, -11.69674, -4.81715, 173.17265, 9.96897, 46.95562, 160.71747, 86.49732, -92.64834, -7.92064, -26.59228, -50.32757, 7.38387, 2.56269, 3.26914, -67.45011, -32.86560, 90.86286, -80.28199, -3.79872, 167.85377, -3.69506, 153.22968, 61.00549, -99.45282, 20.84834, 66.81066, 31.50084, 152.39565, 156.65900, -12.86968, -100.23954, -156.32366, 161.88454, 37.65190, -3.91233, 5.71053, -17.14561, 162.12199, -125.02828, 52.82887, -171.70049, -10.81530, 5.91421, 38.39614, 139.69169, 129.47735, -165.36381, -150.26898, -164.74045, 15.03951, 165.69894, -27.18972, -161.66183, 133.96027, 169.74910, 8.71917, 134.03779, 0.96317, 1.86777, 155.85488, -92.15727, -120.90404, 128.48287, 95.50778, 2.59723, 110.26083, 6.51660, 143.80940, -142.97184, 129.53283, 174.18947, 126.46970, -1.74005, 11.53228, 72.82322, -35.00486, -135.33640, -21.42833, -148.16785, 63.44643, -11.26999, 23.24455, 112.64176, -164.44429, 89.81827, 28.61732, 86.47648, -13.04307, 79.66682, -172.10390, -178.25605, 135.52046, 155.89994, 134.82028, 128.81938, -174.29221, -51.05879, -4.51859, -46.35571, -25.74006, -20.51180, -13.44677, -143.09594, -103.84011, -15.12725, 105.90430, 122.73973, -5.83416, -162.79466, 55.18121, 151.20728, -178.43747, 132.12181, -169.22355, -125.00502, 
 | Execution: 10 Overall Best: -40.8226 -> -85.5222 GPU Time (s): 1.16126611 and HJ Time (s): 53.97841692
 +==============================================================+ 
 | 11 -- Promising region found with value: -52.458973.
 | HJ uses 150039 / 150000 iterations [0.000626578748217797862687938881].
 | 11 -- Conformation 
 | 43.89086, -7.86799, -7.81122, -7.99910, -2.99907, -7.97435, 12.33148, 37.92211, 1.24359, -163.77190, -26.72789, 69.07854, -57.44684, 11.01265, 34.33319, 21.04128, -119.00571, -1.48334, 39.40196, -167.57727, 1.69654, -20.88601, 0.37985, 8.89866, -11.34888, -58.36094, 9.05041, 3.62187, -21.73218, 26.32128, -51.85328, 51.71777, 119.80628, 27.47823, -3.09186, 9.30722, -7.25200, -10.90082, -14.67221, 22.76635, 3.39581, 0.87402, -6.77778, 33.36930, 33.23586, 23.73753, 67.36524, -22.82757, 0.39067, 39.35527, -95.74495, -56.52727, -18.50826, 43.17945, -39.58699, 23.91998, 8.54925, 24.87155, -109.95152, -69.67496, -25.11635, 34.24508, -29.42611, 1.28800, -68.29059, 48.29658, 50.29800, -1.66494, -57.93810, 4.17822, 1.24682, 31.89270, -30.99648, -7.30066, 15.00397, -0.55819, -6.16770, -15.79504, 17.82946, 2.53236, -8.18013, 14.39580, 48.22516, -28.25208, -5.58571, -17.61453, 112.72815, 97.69213, 129.68620, -120.11548, -95.24606, -65.99219, -172.18145, -132.96516, -132.06299, -170.68437, -11.82697, -32.18831, -107.09406, 141.05248, 142.69766, -26.59828, -4.87327, 63.72112, -134.84932, -51.98312, -111.83178, -91.36344, 13.14616, 69.66957, 168.38420, 27.89150, -74.79624, -145.36737, -76.82319, 17.89464, -46.82350, -21.73129, 70.22747, 99.99859, 127.05178, 20.75653, 108.99896, 53.74903, 163.01317, 48.28432, 148.60823, 102.73988, 53.25332, 102.37924, 80.09893, -28.46694, -116.01822, -48.46196, 60.23218, -2.58782, -67.07965, -29.19514, 39.84063, 173.51341, -63.73183, -101.20246, -146.74318, -147.02715, -23.70936, 36.97656, 174.84267, 45.92034, 12.53409, 159.66963, 41.86063, -28.55305, -153.91044, -47.35886, 14.19755, 53.20137, 28.00783, 177.53290, -96.67400, -16.96333, 34.43214, -65.21822, -17.53826, -50.83937, -23.37241, 63.67667, 151.06702, 150.66761, -20.27915, -79.92641, 167.04866, 
 | Execution: 11 Overall Best: -52.4590 -> -68.0649 GPU Time (s): 1.28359827 and HJ Time (s): 53.83924413
 +==============================================================+ 
 | 12 -- Promising region found with value: -52.858189.
 | HJ uses 150032 / 150000 iterations [0.000563920873396018141471275342].
 | 12 -- Conformation 
 | 1.29465, -1.56473, 0.35522, 0.41494, 0.64157, 1.38464, -0.21684, -12.32723, -34.33309, -106.16823, 7.03421, -64.79291, 19.21085, 9.95429, 51.49250, 13.88882, 45.52747, -157.43682, 111.60762, 18.95624, 7.46997, 7.98819, 68.88982, -5.55866, -124.19264, -16.85271, -71.07243, -1.67896, -41.67290, 63.08187, 4.10436, -73.54216, -7.16189, 12.63217, 86.08554, 47.43217, 14.69945, -59.48642, 79.06513, -19.02854, -40.05052, -97.92159, -4.00273, 87.32597, -16.82122, 0.11856, -112.58725, 9.81201, -27.60144, -16.88974, 101.14545, 71.04489, -58.49835, 2.20713, -1.84982, 1.78501, 24.74101, 16.91232, -128.92858, 3.71859, -64.95246, 6.97218, 30.27586, 119.35975, 34.93088, -26.25307, -31.20712, 57.77901, 30.72501, 28.55859, -12.35131, 79.28386, -33.95798, -63.56635, -1.40100, -5.52769, 6.67072, -6.34507, 56.33125, 43.97875, -29.05517, 42.81581, -103.02056, -28.99502, -0.30361, 24.38838, -98.91404, -98.29108, -122.76715, -11.27823, -50.28942, -84.06109, 16.40689, -16.67552, 32.53401, 0.84257, 31.05079, -141.48982, -126.51618, -5.71482, -3.27553, -51.24737, -10.90461, 35.96187, 59.25117, 18.70444, 13.32499, -6.76099, 138.61572, 25.72947, 16.42290, -20.88042, -167.70732, -58.86882, -169.56203, 79.02390, -23.75539, -85.03366, 162.46325, 155.14525, 139.39266, 174.13294, -177.55281, -4.13269, 6.29504, -106.65812, -2.49567, -63.03963, -6.43643, -132.78374, -88.67934, 156.12863, 81.33812, 72.09898, -40.64203, -59.91306, -176.78558, -56.59048, -115.45360, -90.00205, 13.58478, 62.86353, 36.87640, 33.75754, 17.53800, 25.81676, -78.49629, -53.43966, 28.09737, -36.16979, -29.64330, 14.60596, -39.68853, -4.01024, -49.34878, -121.58827, -2.04173, 2.22128, 17.69347, -27.52322, -76.91129, -173.14881, 140.05262, 127.23299, 137.50102, 74.54114, 139.85908, 12.83778, -147.14467, 139.28793, 22.06852, 
 | Execution: 12 Overall Best: -52.8582 -> -70.8179 GPU Time (s): 1.26987878 and HJ Time (s): 53.83420610
 +==============================================================+ 
 | 13 -- Promising region found with value: -61.413406.
 | HJ uses 150221 / 150000 iterations [0.000507528786056416392376278157].
 | 13 -- Conformation 
 | 88.93711, 8.36649, 14.73611, 17.20382, -11.29084, 45.67264, -46.50892, 39.94475, 8.25094, -17.03761, 97.99106, 2.19140, 95.53386, 126.71754, -1.01844, -136.86801, -81.99565, -8.37814, -24.01544, -54.20076, 51.40547, 29.18109, 2.28979, -34.62478, -13.35423, -115.57888, -13.56252, 51.46294, -24.42402, 39.91177, -147.92604, -48.72880, 55.77237, -83.16674, -11.97193, -5.37733, 0.00354, 2.17190, -0.87791, 0.74206, -1.33114, -3.86217, -51.47775, 9.86685, 87.10362, 43.96876, 15.68469, 17.45828, -57.52909, 28.83418, -108.33595, -56.18273, -6.55429, 4.23490, 2.10597, -2.02747, 4.67854, -7.04614, 43.20263, 5.62005, -36.89481, -21.90126, -0.58390, -6.28263, -3.58270, -23.12801, -2.17751, -30.36012, 54.79637, -23.75570, 8.31384, -53.75210, 13.97494, 20.46290, -2.03582, 121.83439, 43.13808, -11.91385, -27.55112, 0.48689, -2.66374, -17.52753, -58.26269, 52.13166, -0.78371, 23.14850, 130.46852, 78.74678, 141.92657, 25.69076, 118.18655, 128.30293, -11.44166, -58.24962, -78.97458, -153.13444, -82.95523, 22.35625, -30.83403, 102.96685, 53.60887, 147.56531, -18.61061, 5.29760, -109.69238, -62.04474, -102.59729, -88.21356, 12.32867, 18.53281, 12.59388, 166.03396, 26.24086, 23.57986, 110.98578, -36.95694, 130.89128, 12.02984, 43.92813, 52.23302, 25.09442, 89.47107, -169.84444, 130.10301, 26.89020, 138.43967, 36.14960, 37.82940, 80.34318, 1.34230, -68.97862, 41.82021, 102.57218, 22.13874, -110.48982, 36.20717, 166.22526, 153.13681, 176.65767, 118.00308, 14.80317, 37.59815, -26.28751, -146.74292, -24.91488, 6.29969, 117.67887, 23.29264, 135.96357, 35.41837, -28.90508, -16.87367, -125.85130, -2.72749, 40.61007, 47.78293, -15.21854, 172.11619, 141.99841, 156.01144, 23.36933, -44.92535, -17.57512, 38.16789, 69.57596, 46.73220, 23.68992, -4.87939, 20.20713, 84.09972, -163.06968, 
 | Execution: 13 Overall Best: -61.4134 -> -75.7546 GPU Time (s): 1.30050562 and HJ Time (s): 53.80758476
 +==============================================================+ 
 | 14 -- Promising region found with value: -63.351799.
 | HJ uses 150234 / 150000 iterations [0.000176964345427997940801007060].
 | 14 -- Conformation 
 | 23.89136, 48.65098, -102.83962, 71.02582, -64.06586, -0.89420, -146.79146, -72.30346, 46.01401, -64.17784, -63.00283, -144.22871, 72.61726, -78.20917, 27.97843, 92.12515, -6.15191, -31.91076, 7.00333, 17.02925, 24.39575, 8.98252, -3.33623, -86.76715, 62.48491, -10.49536, -25.21556, 7.54666, 20.33942, -92.89103, 2.20186, -63.32916, -169.20526, -0.07655, 19.38796, 18.74540, -5.23407, -91.30016, -36.87283, 99.98581, -22.69943, 5.08217, -9.07948, 2.43125, 17.23892, 128.29917, 61.55320, -58.39105, -175.13712, 2.23211, -35.33833, -94.97847, 5.98827, -32.76603, -23.26589, -13.65086, -8.65370, 2.73646, 30.79679, 118.84226, -138.71326, 34.11280, -158.48672, -141.92929, 123.00679, 31.60959, -23.92103, 9.63457, -10.50638, -0.42434, 2.37830, -48.45751, 17.30609, -29.75015, -8.96265, -28.05490, 2.74890, 24.38379, -6.17017, -4.93964, 30.74300, -41.09645, 107.91556, 46.40760, 33.52569, -3.32751, -109.05731, -4.80905, 168.16494, 68.14626, 57.38724, 157.92347, -126.19441, -123.17220, -76.65523, -17.11717, 3.60579, 56.46219, 19.68511, -19.30726, 3.52597, 70.96102, -41.64432, -101.08249, 10.16953, -2.20847, 82.36426, 176.59379, 145.97168, 12.24211, 156.22852, -102.34503, 159.43553, -99.84264, -16.63834, 47.32632, -48.64257, -49.80192, -17.28807, -22.28483, -33.84005, 67.20968, -17.08271, 17.43509, 49.07097, -0.28048, 66.00938, -16.81584, -105.97278, -76.21851, -6.37372, 160.24695, 5.70903, 33.55794, -101.77843, -25.23754, -168.33790, -72.62361, -32.43310, -33.45512, 66.19911, 67.28517, 129.05749, -128.05109, 28.01593, -136.81958, 68.80970, 106.13377, -7.84140, 107.74276, 21.51917, 16.58812, 128.65089, -174.95863, 133.05933, 115.96555, 176.57222, -28.53942, 20.25946, -19.37338, -6.22306, 96.95336, 59.06275, 122.01435, 75.42739, -5.39920, -105.82032, -14.32200, -159.50174, -81.89483, 29.40442, 
 | Execution: 14 Overall Best: -63.3518 -> -85.7921 GPU Time (s): 1.27983301 and HJ Time (s): 54.09813046
 +==============================================================+ 
 | 15 -- Promising region found with value: -61.602551.
 | HJ uses 150036 / 150000 iterations [0.000411098316705697298424626585].
 | 15 -- Conformation 
 | 44.91808, -53.06661, 64.67125, -147.53755, -46.97946, -25.14050, 23.31661, 23.03351, 11.62511, -11.44880, 52.70122, -5.54762, -127.58208, -14.61920, 126.65339, -18.76247, 84.35137, -14.14381, 62.11437, 151.33772, 132.95093, 49.97949, -21.01218, 6.28431, -23.73514, -6.78827, -55.56374, 30.27448, 30.25572, -80.29896, 2.85119, -1.07531, 62.83910, -4.42666, -43.20937, -125.13912, -5.17342, -44.66872, 7.34732, -30.38305, 84.34197, 17.55100, 10.94872, -52.02122, 2.08094, -109.38032, 4.32921, 19.47694, -0.72851, -59.22695, -9.62086, -137.82697, 18.72220, 21.04107, -17.92166, -43.04447, 50.35971, 7.91116, -79.73082, -78.34890, -12.01763, 101.87300, -141.26879, -27.39439, 39.55983, -17.05428, -9.74916, 40.96195, 14.17857, 3.77839, -10.76169, -7.30420, -8.46167, 55.28681, -39.26859, 13.06450, 1.63244, 24.20443, 30.68438, 1.78296, -12.57301, 5.89525, -159.21083, -44.82015, -59.05921, -32.76020, -4.76058, -148.84542, -25.89374, 39.94476, 67.27857, 35.96459, -63.42336, -116.30508, -128.21807, 9.18636, -10.04593, -23.97279, -106.46224, 31.75291, 139.69061, 24.46958, -79.65459, -140.57345, 35.51455, 0.21219, -68.83065, 3.95332, -99.21031, -65.94240, -25.60483, -14.39926, 116.78916, 13.59305, 126.48215, -156.57329, 90.39070, -0.67658, 143.97748, 129.39339, 68.10738, 6.58511, -26.05010, -94.46370, 8.74249, -52.48114, 36.09515, 105.05117, 57.07090, 128.52913, -4.11887, -1.25720, -23.57011, 89.50376, -162.69379, 79.36096, -14.98405, 162.31359, -167.61108, 141.71715, -116.50173, 0.14361, 87.14984, 160.62409, 48.63618, 177.15490, -152.32885, 14.40377, 0.38894, 137.08929, 162.01972, 115.70280, 1.19983, -44.57714, -29.97644, -58.74861, -0.22612, 113.29721, -167.63019, -31.73592, -78.57430, -60.07832, -1.82969, 39.45026, 40.62914, -43.32785, -129.95676, -38.36519, 4.06655, 62.12877, 178.00441, 
 | Execution: 15 Overall Best: -61.6026 -> -90.8670 GPU Time (s): 1.22512170 and HJ Time (s): 54.08914614
 +==============================================================+ 
 | 16 -- Promising region found with value: -46.048332.
 | HJ uses 150175 / 150000 iterations [0.000269721605590608043932776550].
 | 16 -- Conformation 
 | 29.51864, -1.91333, -0.63001, 20.76605, -20.34247, 4.33327, 11.36076, -3.65241, 37.90574, 46.26228, 150.33736, -74.11536, 4.10104, -4.86104, 110.70118, -161.60453, -50.27713, -167.64352, 166.61402, 4.04202, -6.78643, 20.48894, 7.83776, -5.96786, -14.81126, 41.34472, -25.58449, -86.66011, 2.01071, 25.10520, 174.81118, 0.12919, -4.25747, -10.58009, 10.83041, -24.30717, 112.98836, 32.35061, 17.81018, 56.39210, -167.75134, 0.21301, -1.37022, 10.47899, 15.68317, 12.25836, 55.69611, -30.60640, 29.78002, 4.51825, 116.40193, 52.41776, -14.31289, -23.66954, 19.41472, 68.70347, -93.89265, 55.52290, -39.23992, -6.37991, 1.97178, -10.28288, 21.18524, 109.02301, -3.98665, -20.14208, 3.97770, -15.70249, 0.41576, 11.51679, 3.78634, -9.47036, -174.33075, -124.76163, -38.09319, -7.43436, -0.72937, -25.42458, -29.10218, 16.48169, 92.05880, -179.15076, -61.62070, 179.89820, -112.23941, 1.86844, 103.06384, 112.70999, 120.62490, 51.65768, 121.20804, 172.55173, -117.77476, -70.47259, -50.12232, 12.75390, -157.18262, 32.62346, -47.55938, 127.61219, 37.95499, 78.69291, -149.29153, -140.88205, 74.16081, 37.18351, 28.94933, 15.46934, 119.10375, 179.41810, -150.88943, 121.58348, -146.82127, -111.12863, -100.30093, 17.28852, -86.74630, -22.51568, 24.82348, 44.49528, 104.24972, 6.46688, -77.81055, -137.45461, -62.94426, 5.36854, -88.81184, -176.87679, 97.74173, 66.12547, 63.22636, -46.67247, 172.59491, -144.27866, -25.95006, 4.95017, -137.19595, -78.73249, -24.96709, -28.40363, -150.75114, -119.10237, 20.84158, -24.90307, 85.33443, 39.42396, 153.42488, 52.55164, -29.39959, -11.19949, -47.43263, -62.23730, -164.80249, 132.03160, 162.60767, 127.12271, -175.09286, -120.19940, 156.87631, 137.68677, 178.98257, -79.50568, -36.43666, -10.71056, -17.96409, -134.79741, 0.07943, 172.62779, 8.70053, -2.32465, 22.89222, 
 | Execution: 16 Overall Best: -46.0483 -> -96.9030 GPU Time (s): 1.16092102 and HJ Time (s): 54.12183189
 +==============================================================+ 
 | 17 -- Promising region found with value: -35.553806.
 | HJ uses 150020 / 150000 iterations [0.000563920873396018141471275342].
 | 17 -- Conformation 
 | 89.42638, -25.31974, 17.48904, -67.91795, 20.04956, -51.25753, 21.34496, 16.66042, -65.10290, 78.62011, -86.52519, -107.50669, -42.07874, 74.85611, -5.83733, 53.55914, -0.31486, 4.03325, -9.44344, 46.70788, 95.75907, -23.44165, -15.06525, 23.97418, -8.27887, -2.98947, 3.26994, -38.53865, -120.26651, 75.55178, -101.57094, -46.25081, -35.99902, -160.61607, 32.72751, -11.54517, -7.91869, -9.60108, -45.43675, -0.88837, 77.99853, -29.85129, 28.68207, 19.16673, 49.44013, -89.28498, 57.38413, -5.55607, 5.40940, -63.59059, 6.02684, -177.10072, -145.23781, 8.85241, 16.66992, -7.66991, -30.51208, 12.10752, -55.36031, -14.23230, 78.21673, 118.26151, -149.72242, 64.67247, 19.30234, -13.08760, 12.26212, -66.73139, -47.91548, -10.26588, 18.03373, -20.21846, 21.67303, -74.65872, -27.78654, -151.49021, -141.97373, -17.54338, 80.90948, 3.53932, 6.20306, -31.50301, -93.17297, -3.67317, 52.75714, 6.79905, 72.76347, 28.62337, 159.89698, -75.56031, -171.60482, -62.09813, 26.78311, 18.70158, 169.99023, 124.27880, 124.23628, -10.44889, 156.22642, -100.00365, -30.94348, -44.01725, -154.95112, -166.02888, -24.15560, -15.69160, -172.44900, -161.23717, -52.47729, -40.21159, 63.96707, -39.19120, 59.57479, -19.92217, 171.26315, -44.19494, 55.70329, 139.10976, 173.39383, 20.18269, 41.33614, 99.49227, 0.18709, -10.15500, -123.45237, 147.40439, 173.26219, 170.91321, -148.90653, -130.36686, -53.76249, -6.20171, 56.07131, -55.58778, 167.33052, 149.59923, 31.02072, 6.94576, -98.81182, -13.89102, -123.14523, 163.48422, -170.83497, -26.61874, -152.53664, 153.35072, 29.87723, -17.01871, -43.54880, -153.14865, -56.50481, 15.08093, -125.57781, 141.32469, 43.26721, 31.30739, -13.48575, -140.60083, -168.32069, -140.14610, -43.56948, 8.04150, 174.88333, 24.58054, 14.47940, 58.86029, 45.60496, 29.35151, 83.46633, 24.61021, -86.64399, 
 | Execution: 17 Overall Best: -35.5538 -> -92.0659 GPU Time (s): 1.15859045 and HJ Time (s): 54.10588098
 +==============================================================+ 
 | 18 -- Promising region found with value: -40.649216.
 | HJ uses 150211 / 150000 iterations [0.000332989636531614858344640950].
 | 18 -- Conformation 
 | 2.47635, 49.21495, -112.08301, -13.05950, 0.88342, 148.30573, 22.18359, -35.57755, -34.16285, -13.28345, 0.72502, 169.81448, 132.69739, 38.09239, -149.07158, -14.44466, -30.53174, -157.51552, 174.66980, 13.10453, -89.98803, 6.55746, 95.72886, 1.46850, 3.85917, 36.54379, -41.67338, 11.77201, -2.95182, -12.99971, 37.91629, -22.20220, -92.49329, -17.67096, -6.30055, -9.95762, 95.34370, -4.34853, -33.15624, 58.01350, -9.71104, 2.71003, -3.52907, -19.65181, -42.96262, -9.78363, -66.82669, -146.62613, 74.98671, 5.53174, 9.19483, 20.29529, 25.11084, 22.49137, 0.37523, -1.15261, 14.39428, -30.43722, 33.28650, -36.24028, -17.95483, 90.69173, -5.45475, 96.64906, -178.61380, 70.41263, 20.31392, -1.02127, -7.99404, 21.97537, 46.68219, -12.28390, -77.89826, 7.34066, -31.12045, -27.83359, -64.80609, 22.48324, 27.47205, -31.94318, 55.75759, -20.85017, 116.75886, 1.80895, 92.85425, -8.34410, -111.38469, -4.90765, -130.82700, 120.00032, -15.02790, -149.87519, -38.94589, 15.71412, 52.42174, 167.24763, 27.21348, 151.10423, 52.74844, -120.98102, -11.81848, -22.59760, -21.75366, 29.91675, -103.08696, -48.44139, -8.43870, 17.95730, -96.68937, -117.37190, 144.75031, -2.80717, -67.87332, -171.89635, -102.62450, 7.62942, -124.18110, -24.67771, 165.01927, -146.75137, -109.47267, -2.14344, 18.48723, 21.79810, -135.00808, 10.03146, -91.52384, -145.55365, -113.90748, -31.10624, 0.87496, -138.26737, -29.14581, -23.40777, 175.25155, 65.63865, 43.72917, 67.19701, 54.04352, 113.46698, -141.62573, -166.71874, -107.84430, 8.69144, 177.62149, 76.75952, -18.28575, 129.45551, -39.68192, 26.74640, 132.45083, 177.06482, -77.27041, -24.85120, -37.73390, -13.82890, -103.02297, 18.16871, 34.20832, 1.66716, 3.41890, -32.33463, -117.71646, -41.26514, -6.60880, -153.41070, 166.86870, -6.18018, 130.40003, 26.56056, -25.34002, 
 | Execution: 18 Overall Best: -40.6492 -> -87.6889 GPU Time (s): 1.18264221 and HJ Time (s): 53.92767215
 +==============================================================+ 
 | 19 -- Promising region found with value: -49.345116.
 | HJ uses 150101 / 150000 iterations [0.000456775907450774763980672066].
 | 19 -- Conformation 
 | 73.55514, -1.23332, -10.84493, -8.31308, 9.95175, -0.59564, -13.49692, -0.79656, -0.59804, -21.85096, -155.39258, 37.32346, -41.05496, -75.41027, -163.44045, -3.31054, -169.44609, 63.71430, 83.08258, -143.05478, -67.10925, -17.78615, 73.26796, -62.42492, -0.89350, -33.97420, 32.63550, -40.25140, 50.53193, -31.16911, -152.07182, -0.57948, 151.57309, -80.20891, -135.18474, 27.60772, -8.09784, -86.69405, 33.50542, -12.62192, 4.37453, -74.46969, 35.78453, 67.02574, -115.02295, 43.96675, -15.34363, -1.17060, 5.32418, 69.98717, 20.83492, 32.05265, -11.01046, 7.79912, -73.73378, 18.43516, 45.71750, 39.04812, 22.54211, -102.33613, -39.18637, 17.33697, 13.38380, 130.77027, 28.64921, -11.87818, -21.19014, 71.64884, 57.83771, 30.71257, 149.36453, 40.94832, -76.66936, 17.66190, 50.24904, -50.95092, -133.78242, 104.43446, -103.46168, 60.46383, -21.69581, 54.92857, -100.75643, 62.88393, 161.19282, 8.94799, 11.50617, -7.29781, 25.59124, 138.89308, 164.27019, -165.69365, 92.75648, 95.96880, 84.80437, -18.31080, -177.22096, 3.44195, 109.92300, -151.95508, -90.36484, -144.75832, 75.15031, 174.43955, -28.03447, 1.84828, -23.45239, -114.27935, 35.10760, 136.33324, 121.05330, 0.11667, -21.12575, 143.96220, 66.14623, -156.07543, 88.32661, 2.84037, 47.48503, 11.37124, 144.70526, 45.70649, -174.74179, -20.85530, 75.80784, -36.55941, 38.81347, -156.07529, -62.82881, -152.14064, -23.08818, -172.71738, 96.37743, -150.41100, 4.84850, -51.13550, -165.70772, -132.73419, -143.47352, -165.88497, 100.35748, 10.71120, -58.46273, 46.09559, -122.01947, -0.66855, -137.86706, -41.56286, 1.28988, -31.46272, 55.05952, 152.74507, -20.59352, 81.84713, 168.70897, -21.93200, -95.96140, 27.60792, 110.48503, 131.23958, 55.98377, -171.24134, -32.46273, -157.56044, -21.66459, -161.41997, 162.63832, 15.02578, 53.42499, 33.30272, -102.16607, 
 | Execution: 19 Overall Best: -49.3451 -> -85.5731 GPU Time (s): 1.16583313 and HJ Time (s): 54.08594608
 +==============================================================+ 
 | 20 -- Promising region found with value: -44.862114.
 | HJ uses 150218 / 150000 iterations [0.000456775907450774763980672066].
 | 20 -- Conformation 
 | 37.01466, -84.68229, 75.41374, -7.09561, -4.94166, -96.32904, -2.67684, -99.88569, 41.19982, 67.66026, -11.55550, 94.23313, -15.29371, 30.08948, 75.02682, 16.23414, -65.09418, -26.27045, -58.48647, -94.33749, -43.86501, -14.15936, -8.02195, 120.07636, -29.25342, -145.82367, -34.72363, -91.47598, 17.32631, 133.80702, 3.33966, -11.21688, -113.37922, 5.25011, -58.39737, -9.52107, 58.51855, -32.80987, 64.47291, -89.35814, -25.80908, 45.98103, -10.56391, -135.96110, -42.38835, -46.46302, 93.26712, 114.18085, 125.61154, -163.52141, 7.43923, 23.41421, -133.63393, -106.85804, 33.20964, -61.15013, 42.58012, 102.30954, -17.01158, -37.08129, 69.91954, -15.06768, -27.35679, 97.17769, 0.61295, 5.25551, 32.81747, 4.40906, -83.65653, -2.99074, 51.54037, 118.18500, -92.66982, 51.34364, -14.93009, 170.30094, 7.80855, -80.32510, -132.48886, 120.00524, 154.56751, -101.29548, 152.46733, 127.28373, 64.25012, -55.55011, -67.46558, -175.78549, -55.95176, 55.28851, 132.22426, 99.91087, -7.66246, -118.63610, -106.20386, 15.83291, 166.24104, -129.29146, -84.11498, 25.74644, -41.08759, -167.50120, 76.26960, 16.68944, 117.67726, 100.89858, 97.61693, 31.10611, 36.87383, 84.42173, -8.35195, 74.11515, -6.89815, -106.55520, -131.12316, -94.85706, 17.75880, -166.81350, 109.24318, 115.95927, 74.11074, -17.14259, 140.42956, 19.26252, 150.90495, -105.20485, 5.10431, 52.27990, 141.71551, 29.69353, -48.57842, -8.51497, 1.84216, 114.36988, -146.90121, -97.71790, -158.30645, -21.49046, -4.47836, -171.09993, -34.92655, -138.49417, -149.63143, 66.60367, -44.46031, 150.30745, -125.96846, -47.31944, -0.43787, -87.33862, -133.51041, -73.75479, 32.19113, 168.45128, -120.81611, -61.17929, -132.82579, 62.96413, -170.26071, -81.02479, -45.70988, 123.77510, 106.11267, -173.77379, -80.67466, 2.90340, 75.30730, 118.95656, 3.85457, -8.06074, -26.54490, 
 | Execution: 20 Overall Best: -44.8621 -> -82.4348 GPU Time (s): 1.17959778 and HJ Time (s): 54.21157908
 +==============================================================+ 
 | 21 -- Promising region found with value: -36.279480.
 | HJ uses 150127 / 150000 iterations [0.000507528786056416392376278157].
 | 21 -- Conformation 
 | 72.02438, -32.58306, -21.94462, -21.03566, 87.80859, -58.04151, -27.17162, 4.55728, -14.04111, 7.31443, -54.04332, -0.11871, -64.44838, 91.85899, -5.95761, 37.10840, -110.61873, 6.35251, 59.73150, 70.27391, 56.29433, -21.42914, 34.58647, -32.18105, -1.63164, -106.60818, 7.34332, -20.06805, 8.52400, -79.46290, -55.82040, 39.58137, -9.17820, -31.11350, 148.53017, -41.32274, 75.98148, -95.85323, -64.22293, 42.94421, -19.08170, -22.78742, -20.85191, 1.46065, -42.13047, 61.27645, -83.39261, -130.96008, -21.72176, 19.77802, 105.01771, -7.82529, 48.18077, 27.27919, -113.31579, -11.01183, 72.97996, -18.76237, -146.38494, -107.64404, 0.25201, 59.63138, -24.03628, -84.82502, 40.67176, -3.38942, -4.22888, -136.45678, 27.20878, -129.48462, -82.36543, 43.90927, -15.15656, -32.94415, 116.19799, 76.12633, -66.91395, 108.89454, -27.82725, -27.04638, 47.72280, -37.28134, 67.76514, -32.64624, 93.86076, 158.23892, -30.21392, -70.89763, -20.54589, 14.63786, 109.19623, 148.41729, -117.30205, -62.94023, -34.98827, -176.20376, -145.28134, 4.64919, -119.20043, 32.12758, 121.46546, -28.43517, 0.18160, 25.28373, -38.38855, -12.24828, -143.11532, 148.96012, -122.09629, -54.58070, -143.31022, 50.21389, 156.58372, -144.38066, -143.94936, 116.54686, -28.64908, -111.38270, 1.66368, 158.23365, -4.06639, 178.47976, 57.22729, 37.55992, -143.82880, 115.58518, -138.95921, -161.51815, -156.35285, -179.29338, -32.96556, -24.66640, 16.48307, -15.72211, -140.00708, -8.19141, -10.10904, -24.86850, 26.34072, 173.41671, 25.38416, -10.59051, -164.87927, -124.98236, -6.31202, -97.26973, -25.41947, 167.68662, -68.64275, 152.19868, 98.34935, 73.53195, -0.69537, 91.19324, 172.89200, -149.08272, -33.40016, 75.77546, 171.78300, -1.26025, 40.83764, 40.96155, -166.66232, -9.22024, 37.53373, -1.45619, -141.30465, -119.31026, 162.37573, -10.05539, -171.50954, 
 | Execution: 21 Overall Best: -36.2795 -> -87.6848 GPU Time (s): 1.17257007 and HJ Time (s): 54.11491513
 +==============================================================+ 
 | 22 -- Promising region found with value: -35.344719.
 | HJ uses 150055 / 150000 iterations [0.000332989636531614858344640950].
 | 22 -- Conformation 
 | 38.61975, 6.07710, -75.30097, 108.37007, -9.15782, 8.04394, 8.05231, 79.36100, 104.16483, 129.17318, 17.97700, 176.57248, -124.71644, -106.85180, 159.94053, 0.99912, 2.19264, 69.61060, -12.76745, 18.60340, -2.80800, 29.20592, -1.56869, -100.22592, 18.91717, -54.29284, -22.20346, 32.15093, 11.90136, -9.53117, 22.29321, -85.94844, 34.76993, -18.97386, 170.69555, 19.99921, -26.14203, -11.01607, 42.28267, 26.85459, -82.24424, 2.26400, -8.21458, 30.55753, -3.51363, -170.53165, 125.28498, 107.09005, 15.95393, 63.00659, -58.32559, -111.60080, 28.10135, -76.53575, 80.22900, -53.21520, -91.61825, -148.24026, 88.47803, 29.35400, 129.10093, 61.61756, -4.33706, -47.91106, -33.45264, -67.53667, -11.60584, -3.26098, -81.43756, 10.30023, 13.62132, -144.19413, -36.65971, 28.35776, 3.92905, -0.15384, 3.67763, 1.66419, 22.20926, 17.45066, -1.18233, -161.35981, -129.14838, 109.53681, 4.49375, -28.10723, 102.48333, 21.54542, 164.85395, 143.58657, 123.29924, 171.00331, 22.60465, 29.84159, 13.85897, 4.49466, 151.25155, 6.17268, 41.12040, -32.96825, -135.28458, -173.29035, 7.82725, 55.51041, 6.95315, 71.04031, 30.74102, 91.09219, -14.57342, 172.31769, -67.06000, 1.17346, 110.49099, 3.73160, 3.53993, 12.44021, -22.42893, 149.10253, -105.35730, -25.22299, 155.38143, -157.57987, -53.55917, -117.92399, -60.37486, 13.44652, -89.31872, -40.53802, -60.58696, -39.84714, 177.74322, -28.74732, -57.44507, 152.69863, 156.18042, 169.05321, 31.68006, 136.36231, 13.89510, -132.67706, -158.78767, -133.32498, -168.34183, -134.85840, 2.17760, -178.00028, 21.27657, -74.65039, 168.59840, -86.99771, -28.97096, -34.67923, 71.13930, 179.07442, -72.44566, -131.28536, -37.94911, 14.30276, 20.19043, -31.70077, -89.54902, 4.17917, 20.57417, 26.59163, 9.68575, 96.04698, -1.70863, -31.73342, -6.96163, 155.97182, 35.68208, 
 | Execution: 22 Overall Best: -35.3447 -> -74.1024 GPU Time (s): 1.15986023 and HJ Time (s): 54.06101799
 +==============================================================+ 
 | 23 -- Promising region found with value: -36.141472.
 | HJ uses 150266 / 150000 iterations [0.000773554010145429500264202538].
 | 23 -- Conformation 
 | 28.11716, -2.10896, -0.00982, 0.06174, -0.55296, -0.94807, -3.19696, -3.04266, -156.74063, 125.96457, 28.76398, 31.19714, 48.98221, -29.59383, 16.35776, 165.38570, -2.98942, 6.12886, 8.76632, -29.80074, 10.14698, -92.64599, -2.30441, -6.67572, 39.55080, -70.81115, -10.70438, 56.60219, 124.50009, -35.48753, 10.97626, -23.58412, 21.87475, 88.70625, -47.76533, 6.14169, -6.64512, -80.22682, 144.40959, 45.62844, -8.36431, 82.67541, 16.99445, -87.32279, -54.81841, -57.90771, 5.86433, -107.02732, -9.96837, -3.02278, 32.27181, -67.50104, 142.38379, -10.89078, -54.07004, 21.70157, -12.00027, -55.34805, 8.40524, 62.97419, -13.35179, -21.26497, 6.06927, -92.04298, 12.11143, 160.36322, 13.77342, -31.80192, 9.35455, -15.64997, 16.41669, -51.82296, 30.09014, 53.72573, 13.90007, -6.95868, -112.94547, -4.72400, 6.25118, -7.44440, -3.09848, 4.68818, 157.38444, 6.09105, -67.02133, 2.50739, -102.46861, -82.27932, -95.39403, 16.05109, 0.20831, -7.26436, 94.12826, 125.62656, 148.25598, -56.81532, -115.74431, -2.55802, -171.38947, 69.66117, 168.85311, 75.16288, -172.31889, 148.96192, 25.30799, 33.25327, -168.91065, -160.96234, 94.02137, 20.02985, 13.39570, 139.28853, 19.58116, 157.53978, 12.11992, -96.78480, 17.59565, 72.66329, -30.36309, -165.56870, -133.46815, -86.46399, -1.21385, -174.04076, 150.39864, 21.26466, -132.48238, -23.11611, 151.51996, 140.68908, -175.02834, -12.78865, -51.10559, 21.68493, 97.28796, 134.45419, -37.09818, -148.68460, -71.35564, -4.00318, 150.82626, 158.45063, 124.96820, 134.58408, -0.35181, 59.58691, -52.10289, -19.89826, 33.88700, 9.44721, 161.59382, 59.48734, 174.94355, 87.51109, -1.25114, -35.43139, -29.80092, 139.95354, 51.58301, 73.54974, 131.72033, -29.98609, -99.13720, -124.07284, -178.68662, -103.21652, -164.79909, -23.34253, -91.49310, -33.84915, 67.43726, 
 | Execution: 23 Overall Best: -36.1415 -> -78.7018 GPU Time (s): 1.15375403 and HJ Time (s): 54.32422400
 +==============================================================+ 
 | 24 -- Promising region found with value: -42.210945.
 | HJ uses 150138 / 150000 iterations [0.000456775907450774763980672066].
 | 24 -- Conformation 
 | 59.82089, -2.50312, 28.12535, -23.51353, -0.42193, 3.60046, -18.96087, 18.21796, -20.46092, -77.02339, 6.88368, -70.27197, -27.77640, 172.20935, -64.96872, -56.40272, 9.26021, 120.75637, 30.00873, 51.66184, 1.00884, -44.36366, -63.75505, 18.79238, -6.74387, 16.37806, 3.06848, -92.60827, 19.85974, 18.36206, 73.82432, 5.91223, 0.66360, 9.43095, 38.44812, 3.16900, 8.44685, -44.48064, 11.64165, -65.98924, -163.99116, -90.91358, -3.59470, -21.19660, 8.03454, -72.45749, 1.53807, -86.28203, -37.57310, -1.98951, 66.82783, -46.71658, -37.72065, 41.26897, -21.28551, 178.01272, 81.76222, -8.45101, 84.70578, -1.43951, -61.67970, -91.30978, 30.48611, -21.13395, -1.43230, -19.61838, -50.57248, 35.54885, -26.80712, 26.45863, -2.78137, 20.87124, -48.41364, 149.91462, 3.64803, 113.50847, 13.03616, -23.28250, 79.56682, -168.41200, 14.65301, 28.69393, -122.54377, 4.92715, -10.92170, -2.69627, 100.36503, 44.65702, 104.25439, 50.67583, 78.05923, 38.41801, 151.99911, 164.30184, -156.79797, 118.80011, 153.86819, 27.39826, 45.59527, -0.70047, -2.20052, 6.37219, -25.40049, -140.10645, -31.06262, -43.38494, 33.71450, 134.22722, -18.15327, -87.89994, -116.69816, -11.96013, 24.62087, -114.29795, -133.80067, 136.09509, -129.05966, -127.54533, -52.91140, -125.44442, -81.51120, -104.25141, 5.01590, -9.02307, 157.59408, -132.55332, 150.19718, 82.10802, 99.73642, 176.28145, -32.47502, 67.33541, 146.38686, -175.06047, 71.82742, -161.67101, -1.29757, 38.60255, -2.53978, -110.82295, -174.94011, -15.78886, 175.63131, 44.72737, -149.92999, -151.58401, -32.42140, -51.95323, 52.27113, -9.41496, -18.82998, -12.63510, 126.87732, 77.15845, 61.92268, 99.23160, 13.17903, -144.61530, -78.56156, -118.02698, -11.99364, 111.92299, 55.23149, 179.52585, 15.98830, 73.74470, -12.41205, -175.81608, 120.97181, -179.93736, -67.10064, 
 | Execution: 24 Overall Best: -42.2109 -> -90.9966 GPU Time (s): 1.16062415 and HJ Time (s): 54.66933799
 +==============================================================+ 
 | 25 -- Promising region found with value: -36.321953.
 | HJ uses 150246 / 150000 iterations [0.000507528786056416392376278157].
 | 25 -- Conformation 
 | 78.69808, -1.95455, -5.85728, 3.46925, -9.08516, -10.67022, -27.55886, -4.29417, 20.61071, -7.20682, 0.08193, 95.78106, -35.39865, -15.43853, 54.76290, 7.91197, -9.40376, 61.34755, -8.66101, -16.37747, -67.42577, 18.28991, -2.53375, 17.22522, -98.93069, -15.02459, 1.86329, -2.53050, 66.22245, -98.04251, 1.60334, -111.55322, 0.71242, 66.33979, 57.24558, 0.24254, 88.34615, 151.90189, -21.95620, -18.54402, 38.30187, -52.60928, 7.18714, 18.42275, -88.02419, 15.22345, -24.19437, -7.82255, 88.13117, 6.28425, 43.74723, -66.90537, -6.24084, -0.58087, 18.48048, 124.00315, 4.13475, -8.35428, -9.52037, -0.46068, 83.39318, 28.29249, -15.65078, -2.05888, 8.36447, -16.15932, -24.23549, 5.70282, -3.40735, 16.26716, -57.19918, -39.11270, 57.58787, -34.99910, 35.40581, -28.18781, -3.75584, 6.17280, 94.54737, 59.57971, -35.76733, -119.00886, -93.14033, 138.22853, -25.02602, -35.51455, -148.40069, -160.45179, -131.90580, -19.60995, 1.05900, 48.58732, 33.83522, 9.96366, -22.03449, 89.02068, 57.74877, -131.49273, 166.90262, -47.09368, 5.02446, 13.06157, -153.82787, -152.08122, -42.31335, -74.89911, -174.87122, 99.11277, -160.82355, 13.90026, -134.64919, -66.04937, 33.49301, 175.13211, -26.72668, 10.21164, -52.79756, -159.53278, -4.89185, 19.85662, 42.66651, -18.60315, -13.33061, -107.02732, -0.92598, -133.71881, 23.58188, 46.31022, -12.06066, 177.91803, 100.56147, -15.12721, -73.58812, 21.69590, -110.32384, 6.71977, 3.31004, -0.47621, 89.54869, 175.57898, -176.09787, -33.19635, 24.86523, 129.20202, 19.27267, -174.28481, -36.80986, -16.91844, 96.55623, 5.88035, 103.63333, -172.11244, 80.41958, 20.69883, -5.82856, -26.70600, -112.02902, 28.03610, 172.93588, -127.17938, -66.88005, -170.48929, 157.25609, 5.29516, -3.45065, 126.62945, 12.87824, -10.48851, -38.15419, -114.55894, -1.44477, 
 | Execution: 25 Overall Best: -36.3220 -> -69.5432 GPU Time (s): 1.23281812 and HJ Time (s): 54.05673003
 +==============================================================+ 
 | 26 -- Promising region found with value: -31.409866.
 | HJ uses 150136 / 150000 iterations [0.000299690672878453394194220305].
 | 26 -- Conformation 
 | 34.01870, 7.57194, -7.51321, 4.13631, -27.78277, -32.09517, -28.29776, 10.15924, 11.34303, -24.11872, 3.36651, 39.65978, -71.88666, 63.47566, 33.33378, -137.37546, -152.72874, 52.40161, 166.56292, 91.20340, 3.50025, -26.36932, -11.26209, -14.00720, -4.86574, -33.04800, -18.83595, 57.69072, 15.00942, 18.50558, -110.39218, 1.27879, 34.21174, -30.94870, -39.63210, 2.74041, -49.94560, 90.06684, -19.40686, -165.44650, 2.21007, 5.83730, -23.88799, -26.27723, -3.48816, 162.54333, 58.28347, 40.06781, -90.63268, 16.44251, 19.13251, 97.18780, -20.88763, 1.41530, -55.25320, 42.94815, -14.62419, 0.65774, -4.69582, -15.50386, -41.31569, 13.88182, 2.16718, -61.02765, 41.21889, -46.06169, 172.99314, -0.81582, 20.76135, 8.83144, 55.54515, -25.75931, -70.09105, -15.79353, 20.94527, 14.06808, -51.40173, 2.21168, -99.42774, 9.98061, 22.38108, -3.70512, 63.84572, 105.88693, 39.32940, -60.31574, 98.25937, 34.51213, -2.60390, 113.18777, 52.32717, 1.51367, 22.50514, 73.20347, 68.90642, 126.43699, 168.45612, -167.40178, -121.72981, -3.78030, -173.39792, 158.80058, 138.05858, -7.59496, 112.55254, 107.26362, 129.80418, 56.03672, 160.39343, -177.63759, -137.11463, -34.42143, 33.21012, -58.95015, -87.29932, 13.96089, -59.88838, 11.87407, -121.77401, -162.50176, -169.95637, -52.51427, 132.95214, -0.01861, -68.42141, -1.67062, -103.89997, -94.53775, -138.66254, -160.75145, -26.10306, 23.15927, 22.72404, 25.18721, -16.79808, -126.80854, -152.71147, -41.96286, 41.39167, 154.33313, -56.57258, -72.40971, -129.59054, 124.67215, -123.65917, 136.56999, -121.24124, -92.40439, 21.28379, -112.88089, -144.81047, 15.02690, -92.47014, -29.86335, -60.94430, -5.50892, -84.33468, 28.04550, 84.14812, 111.01567, 76.18017, 15.16259, 81.85883, 175.39848, -70.87831, -101.03405, -82.32163, -112.73232, 5.18321, -30.12247, 30.68539, 
 | Execution: 26 Overall Best: -31.4099 -> -80.1753 GPU Time (s): 1.14516785 and HJ Time (s): 55.00182891
 +==============================================================+ 
 | 27 -- Promising region found with value: -39.728878.
 | HJ uses 150053 / 150000 iterations [0.000456775907450774763980672066].
 | 27 -- Conformation 
 | 77.42792, -31.21053, 9.91290, -20.27665, 7.45062, -56.27257, 33.75886, -24.54178, -102.64156, -125.04975, 6.19249, 54.77197, -11.63627, -37.84310, 69.40451, -9.26858, -8.77229, 77.56288, -26.14805, 63.91610, 76.05826, -129.49905, 54.42383, -28.26462, -0.76360, -15.56264, -52.72289, 39.90361, -0.73264, 17.00787, 127.86926, 146.38975, 124.22561, -2.99303, 85.59448, 20.26106, 19.35572, -2.34072, -5.57599, 111.85280, -40.53004, -39.88323, -24.29455, -40.75956, 25.65058, 130.02309, -92.36560, -34.63982, 36.51049, -16.11594, -121.02306, -127.38372, 35.38030, -25.80957, -37.94427, -2.59010, -92.85037, 5.19989, 14.01933, -3.37979, 95.63342, -135.61145, -61.87750, 76.08346, -25.25832, 17.08167, -58.21335, 57.38702, 44.06962, -116.52393, -81.10237, 20.93550, -38.45377, 54.09803, -107.59795, 35.99150, 44.98162, -120.92571, 18.11112, -34.25984, -33.12760, 2.11695, -14.13915, -88.11040, 36.79475, -2.22883, -58.10935, -39.74936, -38.44005, 71.88422, 20.17483, 170.92173, 161.92482, 32.52997, -15.37607, 160.43765, -147.44901, 2.58392, -9.01860, 35.27358, 141.96863, 48.45796, -35.21237, -176.89628, 9.86033, -22.91160, -141.98753, -48.18747, 164.79661, 107.37635, 107.49591, 0.13151, 19.74334, -83.55050, -50.34875, -11.15736, -126.73574, -172.66741, -136.67795, -65.74228, -62.97612, 4.83043, 106.51378, 88.50984, -13.97001, 83.16446, 137.50558, 78.58579, 17.32058, -10.50159, -42.72393, -10.27202, -67.73138, 159.51676, 21.68146, -68.55232, -136.06087, -86.57448, -72.44279, -33.13653, -20.14497, -11.71647, 162.92581, -166.24635, 82.70072, 39.49121, 10.88020, 176.71473, 120.30020, 29.80797, 95.14727, 162.03266, 155.50831, 165.36204, 25.98726, 50.54256, 124.33249, -133.31146, 5.42819, 172.60872, -46.88812, -0.97574, -138.88529, 18.44522, 24.51672, -43.27303, -120.70562, -92.78510, 156.09043, 29.46619, 154.77110, 
 | Execution: 27 Overall Best: -39.7289 -> -102.3801 GPU Time (s): 1.75206091 and HJ Time (s): 54.58030033
 +==============================================================+ 
 | 28 -- Promising region found with value: -40.568840.
 | HJ uses 150092 / 150000 iterations [0.000696198609130886550237782284].
 | 28 -- Conformation 
 | 7.79310, -51.36461, 48.78898, -19.14562, -25.51849, -41.98936, 33.07476, -10.58404, 72.81513, -40.61067, -16.59887, -20.72827, 161.60978, -146.97247, 153.13055, -119.22625, 120.29079, -22.28810, -67.56051, 34.42751, -98.25814, -11.12950, 6.82142, -48.40073, 9.53175, 4.86653, 34.77620, -13.13354, 35.06025, -79.15706, 40.59985, 86.27855, -11.30180, -1.63748, -151.53851, 150.56397, -40.10845, 23.83010, 15.17951, 4.30268, 62.45593, -13.08585, -23.26070, 12.11920, 169.24113, 179.16938, 115.48178, -14.84819, -99.10978, 82.14831, 26.52491, 121.28411, 2.03654, 18.82175, 42.97086, -44.47469, -61.44395, -5.98229, -131.11230, 127.22004, -5.70556, 18.20098, 7.00126, 1.30408, -2.69573, -4.56166, 39.69753, -41.97641, 58.28594, -53.51527, 2.27414, -28.93457, 29.43442, -32.76909, 24.37463, -12.03351, 57.45899, 31.24723, -27.74524, -147.81688, -64.96073, 37.78103, 63.16224, -57.95513, -145.62085, 37.11462, 6.69800, 165.79862, 132.91442, 31.41400, 17.18268, 146.52617, 172.70022, -73.59287, -96.99583, 12.45674, -43.76086, -22.75613, -145.59208, -0.14420, -33.78231, -40.11583, 110.72552, 43.88011, -139.76676, -42.59812, -107.86624, -142.65581, -20.02141, 6.88150, 74.92006, 176.01428, 62.98288, 15.65036, 144.17831, 167.02767, 38.14208, 13.59451, 126.65865, 25.75724, 56.69640, -165.62111, -61.20282, -9.54730, 98.42195, -19.96399, 159.14953, 71.47583, -9.39079, 175.62898, -169.97690, -25.16103, 154.29142, -50.11910, -18.12999, -157.07668, 74.48153, 154.53309, 151.86691, 162.25010, -50.51958, 34.20818, 146.29706, -60.25777, 18.32729, 137.19195, 20.57674, 68.90289, -43.90203, 59.22569, 117.38040, 139.62547, -148.30371, -150.83150, 27.78174, 86.05058, 139.52275, -0.09757, -13.64322, 22.61621, -1.40592, -126.53681, 178.15439, -144.00128, -130.26591, -14.02394, 137.42933, 114.08486, 152.47206, -6.06163, -59.93295, 
 | Execution: 28 Overall Best: -40.5688 -> -94.0390 GPU Time (s): 1.15898462 and HJ Time (s): 54.99908423
 +==============================================================+ 
 | 29 -- Promising region found with value: -51.349731.
 | HJ uses 150182 / 150000 iterations [0.000411098316705697298424626585].
 | 29 -- Conformation 
 | 44.69417, -12.28960, -29.85636, -23.49741, -160.30210, 6.82054, 2.02195, -39.29259, 1.58480, -3.01770, 64.03531, -131.86830, -89.29006, 0.39371, 93.11244, -7.19740, 120.57826, -121.75201, -71.04442, -75.67660, 108.81865, 25.26022, -66.39726, -42.00151, -52.77611, 20.49995, 43.18597, -20.27175, 5.47227, -4.75161, -130.98562, 15.53297, 79.13752, -35.44958, 10.64871, 15.63999, -9.05812, 44.94292, -14.07239, 77.88513, -28.01181, -22.38369, -2.58713, -20.84941, -14.30946, 19.01668, -13.60640, 30.54929, -138.93014, 162.04387, -22.05784, -11.53381, -176.77895, -164.04821, -157.65704, 1.02986, -38.58812, -4.52519, -97.13155, -4.50487, 7.98874, 84.83465, -5.13543, 60.65179, -8.06527, -38.10659, -55.64753, -162.72296, 2.58666, -172.89372, 21.97203, 162.28194, -143.95976, -86.62002, 4.14757, -18.14339, 33.17416, 10.60202, 29.78267, 27.25036, 14.23751, 19.54756, 27.35834, -29.53899, 144.50309, 17.92725, -116.19564, -155.28020, -124.03384, -5.09816, -157.59884, 150.90621, 41.37885, 11.33971, -22.82962, 81.37960, 113.68885, -140.52911, 24.39319, -61.04949, -147.49084, -30.30229, 0.38304, 41.02644, 151.01683, -1.00538, 0.09535, 20.60035, 128.81049, -171.80324, 61.50688, 168.47884, 36.47281, -31.45291, 37.67215, 19.91189, 40.49240, -0.87607, -28.80387, -3.81446, -7.46615, 54.13003, 171.87338, 132.94414, -25.36841, 99.40772, -164.62144, 109.91276, 21.66904, -7.37343, 0.76912, 121.59331, 170.34419, -16.56540, -161.06304, -130.39010, -17.73065, -141.52842, 130.42109, 45.25483, 26.15931, 114.06711, -160.14382, 51.69810, -148.05512, 122.59324, -19.64093, 46.24105, -49.28407, 35.89348, 128.96577, -137.85357, 171.63206, -82.75740, -15.60352, -136.66825, 2.61547, 140.44354, 22.20057, 174.71615, 145.07262, 27.69490, -22.64697, -22.67466, 12.63351, -73.36046, -161.36903, -132.17930, -0.10800, -105.25309, 164.57062, 
 | Execution: 29 Overall Best: -51.3497 -> -98.8153 GPU Time (s): 1.35013794 and HJ Time (s): 55.54358792
 +==============================================================+ 
 | 30 -- Promising region found with value: -59.333988.
 | HJ uses 150055 / 150000 iterations [0.000563920873396018141471275342].
 | 30 -- Conformation 
 | 103.63814, 3.58151, 9.15103, 13.15804, 56.91972, -22.87927, -6.26463, -82.84180, 68.09762, 125.04461, -4.20115, 78.84119, -46.84954, -0.07903, -113.86513, 38.88336, -80.78587, 31.01841, -28.63119, 15.27757, 50.14500, -54.96704, 38.02828, 8.80219, 3.50267, 36.26850, 103.44613, 19.21118, -4.15258, 48.68879, 120.86473, 79.31727, -49.88830, 70.78004, -101.49719, -67.15253, -27.09146, -24.16368, -0.68251, -54.92204, 51.54567, 5.08820, -26.58457, -78.34167, 136.71673, 7.04415, -11.49878, -43.69010, 13.74187, 74.34210, 49.63447, 65.14158, -89.74894, 44.78535, -38.67509, -21.94134, 67.59721, 34.28334, 6.20131, -41.54295, -85.06780, -2.57122, 14.63907, -58.13452, 17.04710, 0.34500, -17.55577, 0.49726, -19.39434, -2.78863, 72.52924, 109.94875, 39.47639, -1.95856, -8.54873, 148.58194, -3.02305, -155.97571, 105.16866, 6.06440, 45.21440, -10.47792, -41.69545, -177.01860, -30.54478, 60.19504, -115.15710, -85.71980, -27.55397, -153.63470, -88.55257, -112.68091, 169.31338, 46.07585, -5.82323, 169.05111, -2.44117, 51.35774, 11.16560, -4.34767, -151.71372, -10.36544, 37.27601, 135.63385, 12.67054, 47.20234, -171.05735, -154.67541, 101.32064, 39.95732, -7.30668, -22.88968, 163.68929, -129.69364, -128.49377, -35.06543, -162.48003, 16.55699, 178.20283, -20.70749, -59.22699, -12.39886, -115.24665, -140.95796, 130.61916, -42.22631, 58.26266, 139.27396, 141.26065, 73.17493, 98.41962, -148.49370, -145.71137, -7.54422, -154.72448, -39.28302, -154.10005, -35.19810, -114.23790, -29.70403, -124.86030, -41.48274, 13.74863, 124.66048, -1.47705, -35.85365, 53.21443, 32.11813, -166.14733, -2.65103, -24.62188, 39.57827, -64.40746, -45.96987, -101.19992, -34.07335, -45.54102, 166.46075, 90.97415, 117.59128, 22.92379, 155.17149, 8.45659, -149.10914, -9.12709, -63.33022, -53.60009, 1.37510, -145.22287, -25.90377, 59.48402, 
 | Execution: 30 Overall Best: -59.3340 -> -88.8321 GPU Time (s): 1.28190259 and HJ Time (s): 55.77796125
 +==============================================================+ 
 |                     EXPERIMENTS RESULTS                      | 
 +==============================================================+ 
 | Objective Function:
 | 	 mean:         -8.54069137573242187500E+01
 | 	 std:          +9.99613094329833984375E+00
 | Execution Time (ms): 
 | 	 mean:         +1223.260
 | 	 std:          +113.970
 +==============================================================+