(base) matz@matz-desktop:~/Documents/3DcuHjDE$ ./demo -r 30 -p 50 -o 1PCH -e 650000 -j 150000
Optimizing sequence: ABBBAAABBBAAABABAABAAABBABBBBBBABAAABBBBABABBAABAAAAAABBABBABABABABBABBAABAABBBAABBAAABA
 +==============================================================+ 
 |                      EXECUTION PARAMETERS                    | 
 +==============================================================+ 
 | PDB ID                                   1PCH
 | Protein Sequence [88]                   ABBBAAABBBAAABABAABAAABBABBBBBBABAAABBBBABABBAABAAAAAABBABBABABABABBABBAABAABBBAABBAAABA
 | Number of Executions:                    30
 | Population Size:                         50
 | Number of Dimensions:                    171
 | Number of Function Evaluations:          650000
 | Optimization Function:                   3D-AB
 +==============================================================+ 
 | Structure (A | S1)
 | 	 Number of Threads                        32
 | 	 Number of Blocks                         2
 | Structure (B | S2)
 | 	 Number of Threads                        192
 | 	 Number of Blocks                         50
 | Structure (C | S3)
 | 	 Number of Threads                        96
 | 	 Number of Blocks                         50
 +==============================================================+ 
 | Number of Dimensions:        171
 | Protein Length:              88
 | Protein Seq:                 ABBBAAABBBAAABABAABAAABBABBBBBBABAAABBBBABABBAABAAAAAABBABBABABABABBABBAABAABBBAABBAAABA
 | Rho:                         0.900
 | Epsilon                      0.000
 +==============================================================+ 
 | 1  -- Promising region found with value: -58.744316.
 | HJ uses 150085 / 150000 iterations [0.000563920873396018141471275342].
 | 1  -- Conformation 
 | 23.52822, -10.37294, -21.61200, 0.11369, -68.69002, -40.64475, -5.96160, -45.07257, -23.37339, -94.53268, 21.80027, 44.51308, -26.38008, 15.42095, -109.63008, 56.74592, 58.73613, 43.03827, 117.95962, -171.01281, 56.06540, 84.13534, -17.24060, -11.62061, -13.07799, -61.29964, -8.61911, -62.99477, -120.22223, -118.31647, -19.08342, 46.16709, 18.41661, -6.04546, 24.81056, 7.30333, -14.21690, -88.20524, 42.88877, -37.48577, -6.28957, -146.26641, -61.64313, 26.35071, -131.53792, -30.13483, 38.33701, 2.94860, 178.48070, 116.22492, 2.90105, 22.39402, -43.35678, 87.34123, 77.35911, -45.55899, 42.43567, -47.57881, -12.28836, -74.72779, -143.90421, -41.09243, 2.64824, 2.54322, 28.59255, -16.06445, 31.44437, -20.93294, 13.03260, 158.10244, -32.24185, -52.41533, 7.43990, 4.18450, 8.42861, 122.12367, -13.39976, 0.01677, 10.31910, -45.26526, -3.95570, 128.39271, -56.06555, 0.66797, 11.98834, 8.21921, 56.19179, 26.74585, 7.37618, -145.62437, -178.35657, -141.18467, -31.16065, 4.62025, 40.27662, 2.02821, 14.67686, -147.86481, -49.67831, -1.11440, 172.25515, -150.21155, -34.76145, 13.85273, -155.30226, -28.35037, 28.58573, -169.31812, -64.19891, -7.69813, 2.54327, 41.52675, 163.35235, 39.03416, 10.30807, -67.25350, 165.03753, 104.42673, -6.99962, -22.72597, -77.87852, 24.57110, -179.57819, 7.90296, -171.07851, 76.01841, -6.79107, 20.28023, 4.58987, -164.45835, -13.92205, 122.73265, 84.35080, -14.18317, -18.31612, 2.04634, 104.31989, 119.62103, -22.14035, -110.36008, 175.32418, -3.33444, -33.40281, -144.35653, -1.11409, -134.89430, 46.67931, 34.77480, 146.21266, 38.73038, -7.34037, -13.82188, -136.28740, -41.01779, 146.32264, 71.85517, 19.72851, -99.93740, -179.08012, -156.88809, -52.07105, -17.45013, 29.02419, -51.75686, -17.00005, 64.42752, 21.86619, -166.96985, 74.95352, 15.57433, -97.22184, 
 | Execution: 1  Overall Best: -58.7443 -> -91.6506 GPU Time (s): 2.48583984 and HJ Time (s): 53.95892286
 +==============================================================+ 
 | 2  -- Promising region found with value: -62.248779.
 | HJ uses 150071 / 150000 iterations [0.000369988485035127590266207376].
 | 2  -- Conformation 
 | -176.02632, 63.93298, 133.54459, -41.88900, -162.91195, -127.65718, 34.72532, 44.77414, 35.69100, -51.17659, 13.95861, 8.73610, -87.08685, 29.23149, 6.74010, 41.81782, -41.84484, -4.55501, -85.05411, -120.91976, 23.20162, -1.80347, 1.04078, 81.19596, 28.50932, -7.01201, -57.43409, -9.73751, -11.30880, -94.72048, 151.27391, -95.04993, -39.25168, 61.63625, 7.49166, 7.51555, 17.13162, -9.68463, -24.24085, -124.34365, -29.21040, -8.44638, 29.79043, -176.55584, 75.19975, -22.67015, 125.11432, 115.84686, 177.84027, -174.97359, -79.64018, 19.90445, 19.94725, 0.13138, 22.05878, 13.54015, -38.12334, -102.68701, 170.74825, 58.40519, 46.60366, 54.58474, 18.59853, 77.39455, -175.82491, 9.98969, 12.52366, 20.44940, -6.96127, 13.53417, 0.03952, -145.57406, -24.89289, -5.34766, 0.51572, -3.65085, 7.80460, 24.67192, -14.72095, -19.79028, 9.64184, -5.33599, -60.84998, 2.48652, 33.72337, -75.85239, -170.78677, 146.79939, 20.38149, 15.08991, 5.77144, 90.85981, 20.55606, -37.36809, -157.34595, -19.12450, 48.78125, -24.80554, -17.34278, -134.80495, -134.19712, -9.34146, 103.80237, 22.57088, 146.12563, 21.24411, 115.63814, -160.29341, 30.26132, -25.10564, -35.89097, 57.58176, 128.97846, 27.37183, 47.60822, 1.33313, 12.48340, -16.92675, 66.86730, 47.04562, 97.56490, -1.83986, -66.64121, -1.32910, -20.65406, 81.35805, -173.50967, -122.23019, -36.60501, -171.28072, -68.74969, 6.31387, -43.89718, 54.09634, 111.85371, 31.23675, -118.28896, 178.83513, -97.19259, -10.29115, -114.58471, -146.53958, -154.67130, 13.12968, -55.08619, -165.09838, -51.11654, -147.43412, -2.96127, -24.08827, -176.59187, -116.78582, -10.68484, -96.26098, 175.94417, 144.22079, -29.62946, -4.14821, 21.91370, 9.26542, 74.91421, 124.99959, -160.03966, 129.69774, -173.86480, -86.34026, -32.48097, -10.76546, -93.35123, -166.13777, 128.30600, 
 | Execution: 2  Overall Best: -62.2488 -> -89.9688 GPU Time (s): 2.29731519 and HJ Time (s): 54.02578211
 +==============================================================+ 
 | 3  -- Promising region found with value: -64.385674.
 | HJ uses 150319 / 150000 iterations [0.000411098316705697298424626585].
 | 3  -- Conformation 
 | 18.60430, -3.23284, -164.59131, -45.55275, 77.40469, 32.05361, -103.41740, -155.54933, 39.06600, 2.94024, -47.15570, -5.39424, -83.40161, -169.85174, 3.62096, 102.39358, -68.39734, -91.42793, 67.32518, -65.51985, -179.06177, -79.06992, -9.97089, 40.61606, 34.10493, -6.58312, 5.77977, -10.18747, 0.12215, 63.93055, 32.57960, -24.18562, 27.06584, 52.64043, 28.08256, -12.81894, 16.46620, -9.61401, -108.85740, 156.49788, 45.50201, -14.71167, 9.51814, -44.39412, 44.44763, -6.86920, -1.23989, 28.90046, 83.44791, -19.73569, -106.48648, -45.57837, 8.97556, 0.16703, 31.63348, 133.33694, 0.85999, 31.72630, 114.74186, 38.21036, -93.98743, -54.55540, 45.93875, 114.97882, 0.91829, -155.47813, -32.61962, 43.52981, -14.08729, -7.24135, -6.90698, -3.71683, -67.29052, 106.83377, -3.25099, 25.32602, -18.69179, -8.76838, 1.66060, -125.37625, 140.14195, -118.30260, -90.29323, 18.88541, 11.21078, -138.14850, 48.80966, -172.48846, 20.33965, 17.58519, 16.40682, -167.99268, -58.04009, -172.67809, -152.74373, -21.46746, -113.12272, 15.94496, 38.21507, 27.54226, 150.83410, -34.56361, -148.64214, -1.83686, 59.84620, 163.37320, 163.69758, -148.51374, -21.09163, 48.31923, -3.35939, -110.24133, -6.62646, -111.06243, -64.69948, -16.98124, -158.98348, 169.14839, 53.82068, 129.69921, 121.68837, 37.77280, -41.22814, -129.76284, 17.00817, -74.01574, 173.48142, -95.53581, -6.87953, -136.48161, -125.31946, -12.80364, 46.96087, 178.60004, -71.37872, -175.81131, 51.81995, 4.33553, -79.06983, -171.38370, 147.33416, -40.82978, -141.10390, 148.92809, -118.28835, -35.83830, -159.36933, -167.36077, 15.03135, -158.25944, 23.68923, -169.65750, 6.92871, 50.49744, 9.65432, -2.71084, 90.75308, -156.50086, -8.61895, -166.83407, -148.06151, -32.39936, 24.19214, 11.26303, -174.37320, -54.73030, -6.62113, 12.21929, -37.47968, 25.81591, 33.78023, 
 | Execution: 3  Overall Best: -64.3857 -> -92.0118 GPU Time (s): 2.37517407 and HJ Time (s): 54.04662800
 +==============================================================+ 
 | 4  -- Promising region found with value: -46.552670.
 | HJ uses 150205 / 150000 iterations [0.000507528786056416392376278157].
 | 4  -- Conformation 
 | 171.79220, -135.15294, -53.81461, -48.40894, 1.27641, -10.69830, -8.32281, -1.59903, 2.93131, 11.88487, -62.31883, -10.03634, 8.13295, 47.82221, -50.03348, 66.53856, -3.39906, -117.15012, 44.46072, 35.85105, 25.43363, -1.46425, 6.82427, 37.47818, -21.10525, -62.49321, -8.74799, 51.40849, -34.74075, 24.99449, -56.29469, 14.78765, -47.28259, 0.91785, -8.16353, -27.75278, 31.33306, -56.09570, -63.54431, -73.72978, -32.75148, 65.14512, -22.37104, 73.60439, 120.99487, -89.86000, 8.95630, 24.56474, 67.82228, 2.49121, -58.54492, 7.38653, 56.52704, 54.50548, -86.87694, 3.73415, 14.99016, 27.18902, -51.63086, 89.58030, -3.41585, 44.20618, 25.86048, 4.64393, -3.34346, -16.78868, -16.81541, -10.04417, -19.42544, -8.56852, -23.35100, -29.35683, 29.25283, 33.16068, 6.26221, -15.07442, -19.63358, -11.98936, -17.39593, -1.60549, -39.71700, 7.97054, 1.72669, 67.30690, 56.61511, 2.54874, 11.42147, -0.83076, -18.12019, 11.31413, 4.51941, 45.93565, -54.66571, -6.74605, 57.72595, 139.93514, -157.42571, -42.09512, -62.62082, 22.96110, 64.93850, -2.01098, -9.61557, -141.07989, -28.51251, 2.39694, 57.56335, 46.75866, -55.37457, -129.69137, -15.56411, -136.02409, -13.62871, -1.97843, -26.50821, 164.57687, -19.55879, -14.04397, 100.37268, 119.23042, 139.93764, -129.11141, -165.23141, 141.97865, 35.15808, 159.51283, -164.90104, -172.56447, 25.75830, 58.35618, 36.16902, -30.02422, -6.97317, -63.44828, -149.12415, 104.75650, 87.35930, 50.53380, -36.84641, -48.34225, 21.74726, 85.32370, 19.59222, -64.83166, 1.57846, -178.98918, 55.24575, 52.15406, -59.35019, 28.16390, 28.23925, -17.09536, -124.81273, -144.81021, -163.17312, 172.54552, -100.02418, 18.36189, 79.30888, 33.92995, 54.24285, -50.94652, 7.41595, -22.04272, -33.89784, 43.49507, 141.89065, 174.70828, 15.27750, 1.90098, -128.04785, 
 | Execution: 4  Overall Best: -46.5527 -> -72.7480 GPU Time (s): 2.11194067 and HJ Time (s): 53.73141098
 +==============================================================+ 
 | 5  -- Promising region found with value: -41.159851.
 | HJ uses 150271 / 150000 iterations [0.000507528786056416392376278157].
 | 5  -- Conformation 
 | 35.58414, 5.58380, 80.37921, -35.33504, 1.05554, 70.91099, 27.28275, 60.55419, 95.59004, 123.92429, 11.81302, -37.92120, 14.36889, 82.80323, -58.45254, -76.81772, -76.35115, 12.75166, -64.20481, 146.78122, -5.93650, -8.47279, 29.46302, 4.55787, 1.89679, 4.70673, -2.39921, 24.16518, 126.04613, 69.95674, -58.56239, -107.81443, 95.57185, 12.76365, -26.42164, -0.55974, 2.52088, -3.50234, -9.96932, -15.18888, 6.57477, -3.56575, -1.23595, -9.77677, 48.10418, 62.16475, 3.44053, 24.63514, 21.04213, -76.52148, 4.66119, -94.20523, -73.65823, -24.55340, -65.49717, 26.67968, -2.28531, 2.52354, -44.07818, 41.40556, -157.79855, 141.27355, 5.59937, 44.46858, -5.23949, 17.00535, -62.55620, 28.82481, -27.28131, -3.22088, 16.55538, 6.08013, 108.22809, -8.41469, -51.43062, -7.19166, 88.45501, -40.30984, -33.34597, -5.40380, 4.62978, 20.13034, 32.98705, -20.44045, -54.89316, -39.47591, -92.17820, -37.63761, -148.84634, 102.27688, 136.34406, 118.22897, 178.89184, 177.93257, 169.28695, 173.46982, 130.05599, 0.13962, 127.16697, -54.72510, -64.32949, -43.41917, 145.73094, 141.60107, 156.31780, 75.73202, 119.81638, 57.39607, -43.75432, -60.73914, 41.46079, -61.19494, 41.06726, -6.50459, -46.29092, -14.29835, -146.22362, 27.99810, -143.96629, -125.30122, -93.20088, -34.90056, 65.19582, 71.75118, -17.92812, 95.34949, -0.27679, 38.61844, 71.11516, 142.04778, 129.12235, -3.33761, -68.01757, 42.01807, -135.55447, 136.76361, -155.92870, 131.39145, 36.80486, -39.56274, 18.75530, 94.43473, 105.74774, -157.05575, 61.71505, 17.28235, 164.47774, 45.23005, -62.46463, 29.95347, 96.32196, 17.24851, -122.71998, -18.01814, 64.46261, 117.46739, 29.70970, -31.15818, 151.80192, -174.82425, -148.15781, -169.23667, 25.61623, 56.14585, 50.98263, 138.80171, -134.38972, -103.78396, -36.19825, 16.13412, 131.18498, 
 | Execution: 5  Overall Best: -41.1599 -> -68.2932 GPU Time (s): 2.08659155 and HJ Time (s): 53.71175098
 +==============================================================+ 
 | 6  -- Promising region found with value: -42.623665.
 | HJ uses 150242 / 150000 iterations [0.000626578748217797862687938881].
 | 6  -- Conformation 
 | 22.68798, -4.49062, -1.03586, -1.02557, 0.91001, 2.02159, 2.97045, 3.97786, -6.45757, -46.96094, -114.14609, -4.92185, 54.20944, 15.25174, 5.77332, -27.01319, 3.86451, -51.77463, 5.88827, 25.41094, 0.95763, -24.89460, 43.27997, -7.85350, -56.54048, 32.12135, 111.82818, -0.06064, 65.29913, -72.46272, -149.55996, 96.47783, 42.10269, 15.38021, 9.11063, 2.97154, 13.51236, -99.78797, -47.89193, 81.84766, 59.82962, -10.50010, -7.78112, -11.34354, 25.12485, 89.50413, -92.90067, -102.86572, 8.64239, 52.14976, 50.55035, -40.01821, -25.15414, -4.28189, -5.59385, 35.43548, -55.67225, 44.49463, 8.71286, -40.98234, 34.85872, 0.04859, 30.93020, 145.50376, 152.82558, -68.49019, 31.69341, 16.55777, -52.55268, 0.16872, 1.74800, 4.79679, 100.34460, 31.20708, -0.88695, -37.95397, -4.28891, -16.22354, 39.37430, 29.97177, 146.02053, -158.69910, 67.99124, -48.35133, 70.63733, -29.08774, -101.93528, -61.71002, -19.81995, -131.28727, -111.54678, -123.42650, 135.14638, 171.33229, 179.77148, -13.72570, -164.51848, -15.56611, -121.74322, -7.65427, 48.29010, -11.53969, -153.10141, -113.66315, -162.46694, 176.43803, -168.80574, 171.99082, 53.13517, 36.17548, 169.19841, 8.70101, 48.58135, -35.33586, 164.59446, 1.91700, 13.47733, -46.99051, 61.54399, 2.65159, 50.88848, -51.22743, -2.90534, -33.85100, -21.23644, -136.87070, 175.84857, -99.76074, -12.43273, 18.96393, -40.40323, -26.09825, 7.71107, -39.04859, 18.79075, 129.14550, -27.13754, 30.49584, -25.03755, -68.50974, 30.95630, 10.33174, -154.48501, 105.02999, 53.87286, -10.60626, 103.40532, 132.35627, -47.71608, -41.80315, 161.76199, 11.34276, -93.06951, 0.88060, 77.27207, 45.85321, 130.68264, -36.62820, -58.00258, -86.68547, -43.53039, 50.32901, 102.95347, 36.61692, -47.94229, -25.86080, 45.71832, 131.90172, -173.88580, 43.03878, -16.58434, 
 | Execution: 6  Overall Best: -42.6237 -> -75.3227 GPU Time (s): 2.48494189 and HJ Time (s): 53.92700005
 +==============================================================+ 
 | 7  -- Promising region found with value: -47.144726.
 | HJ uses 150112 / 150000 iterations [0.000332989636531614858344640950].
 | 7  -- Conformation 
 | 29.12424, -1.93608, 8.89184, -27.33956, 18.25230, -3.09588, -84.93639, 19.75855, -24.04848, 46.51262, -93.57899, 46.11415, -20.40726, 38.04221, 68.99051, 8.22778, -107.63890, 42.93367, -109.34638, -101.14837, 109.22492, -164.46797, 98.95582, -14.40929, -80.18827, -112.94312, 21.81303, 4.54390, 2.45043, -0.12734, -67.62421, 20.42965, 1.26630, 0.70760, 152.67096, -24.64582, -12.98343, -103.67233, 79.76495, 61.08555, 70.26377, -29.24449, 61.79069, 151.55729, 8.59817, 45.15261, 32.43104, -147.72836, 146.32009, -80.64473, 50.06312, -17.78764, -78.73528, 39.38139, 28.58928, -27.38678, 48.18434, 89.62490, 29.96717, -107.75844, -38.22896, -112.85469, 31.61969, -9.31687, -8.13059, -93.94913, 3.04904, 120.67150, 8.32354, 0.45655, -89.55275, -23.17202, 32.98415, 123.14363, -45.74525, 139.06199, 1.25366, 10.70944, 69.28762, 19.58033, -54.92382, -2.08093, 8.34908, -65.02352, 66.05706, 56.14872, -90.74355, -86.72726, -125.91116, 130.29884, 101.39401, 134.60233, -35.32620, -83.60715, -64.06157, -68.94087, -159.46332, 7.28789, -104.11857, 9.76252, 46.66641, 177.54231, 119.65836, 1.84233, 9.70179, 167.20010, -131.49633, -12.21273, -22.13903, -6.34862, 16.86134, 75.35266, -24.43344, -79.91853, -51.58369, 32.29084, -138.68104, -106.69191, 4.36007, 143.38909, 19.55957, 121.66252, -166.66624, 24.90075, 130.86524, 22.49516, -3.59061, -34.95670, -7.03122, 179.55392, -177.55035, -61.78189, -175.79459, -1.59564, -57.41469, 4.44865, -169.83522, -149.54005, -14.52671, -1.02368, 113.83140, 151.26353, 165.76664, 48.53611, 9.18355, 155.87540, -17.63976, -170.36826, -65.50353, -169.78874, 165.56093, 2.83561, 43.47952, 156.87769, 150.78857, 121.11570, 116.37360, -137.50175, -168.88511, -3.05641, -141.03262, 16.15622, -4.88737, 42.72477, 120.34329, 7.17940, -64.93138, -12.09107, 159.05599, -55.77067, -169.51582, 
 | Execution: 7  Overall Best: -47.1447 -> -96.1221 GPU Time (s): 2.07434229 and HJ Time (s): 54.06826210
 +==============================================================+ 
 | 8  -- Promising region found with value: -53.884216.
 | HJ uses 150177 / 150000 iterations [0.000626578748217797862687938881].
 | 8  -- Conformation 
 | 49.86511, -49.02106, -7.30493, 2.19642, 45.20347, -19.58160, 19.64956, -54.74332, 1.67883, -2.78835, -8.90397, -19.12442, -40.76146, 33.27996, 15.93288, -5.58153, 172.85159, 61.37570, 1.85814, -54.03746, 18.85315, -142.84144, 5.56701, 92.58985, -17.31544, 107.16511, -5.28277, 47.31589, -32.61248, -80.74642, -10.34106, -57.31899, 24.73916, 92.08767, -3.05142, 21.84092, -47.45655, -3.33729, -24.70554, 2.18360, 8.78190, 43.58436, 161.47168, 18.68444, 2.49053, 40.43738, 59.98703, -23.56516, 17.42949, -35.71036, 34.77218, -87.10768, 40.29296, 8.11989, -100.69645, -7.66314, 6.39975, 13.18671, -109.25803, -38.17221, 61.41237, -59.36585, 11.94244, -100.26739, -4.85767, -3.13689, 7.43116, 77.37003, -5.00932, 20.47625, -10.12412, 64.11570, 172.33613, 45.07195, 24.06359, 30.57539, 2.52852, -1.19660, -16.77777, 14.99913, -74.09629, 0.02087, 52.99217, 10.64214, 9.20090, 20.65253, 33.48780, 13.20126, 33.30496, -70.33173, -14.95309, 5.69475, 144.52175, 159.03454, 131.63175, -116.97733, -152.62318, -35.10688, -142.17784, -25.61979, -82.22829, -12.03340, 36.30086, 10.81643, -112.34913, -46.43212, 144.42527, 125.80055, -18.22005, -133.25073, -14.77700, 101.12524, -167.39885, 43.19920, 8.05373, 131.87836, 3.82412, -1.34728, 166.81574, 1.21635, 13.66216, 155.44230, 53.50849, 125.38461, 57.18916, 170.95247, 69.55470, 8.04534, -109.64729, -70.93571, -83.22450, 164.62820, 43.56402, 117.63970, -144.49521, -154.62123, -3.37686, 139.68473, 41.37940, -162.51963, 113.90208, 98.41942, 41.57925, -130.32130, 14.32598, -0.15185, 38.76046, -10.82883, 7.48266, -9.99921, 71.82374, 162.97329, 2.71600, 44.50862, 115.61413, 85.80211, 14.77530, -42.66468, -179.51320, -163.48450, -150.88368, -44.83763, -77.07390, -161.59576, 121.46053, 1.54245, -62.64483, -47.11557, -115.89632, -175.84456, 70.69012, 
 | Execution: 8  Overall Best: -53.8842 -> -93.2946 GPU Time (s): 2.12897900 and HJ Time (s): 54.07495975
 +==============================================================+ 
 | 9  -- Promising region found with value: -51.961712.
 | HJ uses 150129 / 150000 iterations [0.000456775907450774763980672066].
 | 9  -- Conformation 
 | 42.96794, 9.07937, 10.21674, -71.92400, 19.49941, -21.65054, -14.27824, 83.32981, -51.66811, 151.28601, 59.62775, -74.05700, -44.57220, 154.99826, -78.23589, -81.16673, -5.37726, 94.15102, 59.78945, -140.76434, -27.86040, -2.02276, 39.64130, -10.97831, 36.85689, -13.34460, 73.62923, -11.24545, 44.78865, 20.26555, -29.88794, 34.96102, -47.82095, 37.97164, 11.70424, 3.31377, 1.28964, -2.06472, -38.34728, 19.39193, -5.78601, -27.04108, -21.01752, -0.14656, 149.78792, 50.14992, -22.41574, -11.03952, 10.70412, -62.02630, -1.47612, 17.21316, -4.04561, -22.46483, 50.21546, -2.52604, 3.35424, 1.13398, 0.42637, -0.66599, -0.03268, -0.14515, 0.09939, 0.07489, -0.37688, -0.07478, 0.78408, -0.78147, -11.57443, 1.43671, 27.57759, 17.11954, -21.64216, -15.12863, -6.56957, -3.97229, -0.08640, 3.33486, -12.98105, -1.46599, 106.16843, 8.58982, -15.30948, -20.17493, -40.44664, 15.79120, -96.96083, -79.31462, -40.66562, 31.52865, 56.43107, 127.74595, -21.92681, -105.19294, -27.92153, 46.55342, -150.58406, -30.43749, -52.70358, 2.15989, 25.86371, -28.59484, 38.89340, 5.78405, 60.29823, 60.50629, 58.32838, 49.50875, 172.38849, 165.19484, -89.91407, 163.77752, -22.93794, 65.57719, 30.33212, 152.02080, -0.80997, 24.22007, -66.92690, 4.98286, -3.02875, 92.70860, -9.47240, -24.01156, -155.25493, -41.49169, -147.01791, 178.18302, -165.69585, 21.34043, 24.10431, -87.08043, -113.89064, 135.51039, -15.55046, -70.69890, 40.60146, 5.82368, -12.49369, 6.09993, 125.11046, 39.24530, -47.32984, 52.83703, -58.78605, -69.50886, 41.91177, -59.57742, -77.57918, -179.63816, -94.55282, -7.74534, -112.92571, -172.21388, -170.55832, -128.40047, 164.02556, 40.42751, -26.40980, 15.86017, -22.33663, 49.38237, 16.58498, -64.81081, -145.77636, 19.70896, 31.79587, 51.92988, -59.00631, 15.81217, 157.27907, 
 | Execution: 9  Overall Best: -51.9617 -> -65.9333 GPU Time (s): 2.50858496 and HJ Time (s): 53.59993792
 +==============================================================+ 
 | 10 -- Promising region found with value: -47.449921.
 | HJ uses 150124 / 150000 iterations [0.000773554010145429500264202538].
 | 10 -- Conformation 
 | 74.48464, 13.45941, -47.81461, -58.05009, -1.07713, -0.55369, -1.73280, 40.83044, -2.77711, -8.57014, -38.08629, 17.00624, 84.35846, 5.01470, -176.63054, -5.03676, 17.54291, 27.68536, -40.96400, 56.92764, 2.22188, -6.81390, -17.75486, -25.64505, -1.55508, 71.71616, 60.54351, 11.78461, 6.48261, 1.94072, -26.50128, -0.16984, -4.49538, -2.76180, -0.52409, -0.12895, 0.01415, 0.07430, 0.26054, -0.11373, 1.04068, -0.45762, -16.42168, 113.69718, -93.53504, 6.11816, 37.78891, -4.89987, -104.22877, -32.42992, 41.36205, -74.17183, 5.57015, 3.09510, 0.93373, -8.78826, 4.14571, -9.91600, 0.34949, 1.16069, 3.94966, -1.95504, 74.55230, -1.52348, -22.06323, 7.76209, -5.35281, -4.05887, -2.18070, -25.46318, -62.45232, -6.08225, 61.72776, 4.19919, 2.38666, 0.14219, 2.32088, 1.98431, 0.08141, 0.01093, -0.26778, -1.72723, 15.39673, 16.30106, -60.85066, 20.31981, -107.17534, -111.71686, 177.18504, -55.43940, -138.57223, -117.15557, -8.87039, 6.85123, -48.28886, 62.22355, -4.55294, 174.20215, -74.87186, 6.69708, 163.62211, 145.48119, 31.98383, -20.96231, 48.12664, 56.09369, 145.91438, 173.09997, 65.17220, 6.04668, 134.41488, -125.04331, -38.84682, 52.43693, -13.39996, -118.74243, -3.69900, 57.20488, -54.45101, -34.49443, -19.11845, -120.78005, -20.01084, -1.78525, 101.25220, -10.21752, 92.12248, 44.79735, 171.11525, -11.69756, -109.19660, 7.50430, 53.45366, 40.33337, 153.83468, -5.26280, 42.35367, 39.90356, -48.72147, -133.05812, -32.39943, 30.42736, -30.76099, -137.00350, -24.95158, -20.18351, 92.67280, -21.01331, 149.55649, -173.98671, 177.67502, 149.72378, 42.38607, 2.52380, -4.07978, -0.14227, 89.81453, -20.80803, -80.70285, -25.35744, -71.15364, -119.56974, -77.68727, -65.58925, -53.35691, -37.84831, -24.44332, 1.58102, -109.69863, -20.64732, 111.78002, 
 | Execution: 10 Overall Best: -47.4499 -> -64.3544 GPU Time (s): 2.48858203 and HJ Time (s): 53.52307391
 +==============================================================+ 
 | 11 -- Promising region found with value: -43.148285.
 | HJ uses 150224 / 150000 iterations [0.000696198609130886550237782284].
 | 11 -- Conformation 
 | 42.96082, -0.88747, 30.91834, 34.78743, 113.39017, -22.82194, 9.69899, -14.46078, -2.36454, 70.19132, 6.14648, -4.27595, 17.35760, -46.68229, 41.40276, 9.09199, 90.35370, -111.52892, -88.63903, -13.00509, -32.40935, -40.14496, -58.27457, -1.02699, -17.37476, 34.17189, -48.06065, -171.08780, -6.52933, 68.80624, -33.79143, 48.24496, 81.03397, -96.67157, 0.78220, 9.53489, -59.30054, 10.65535, 13.61869, 16.79398, 20.16358, -3.20238, -1.37281, -1.26102, 26.82112, -30.27152, 2.45154, 33.73163, -39.15540, -13.96121, -84.31896, 10.64606, -14.08465, -36.00166, 169.87616, 80.10576, 5.32051, -63.44154, 35.77072, 34.67716, 12.69051, 46.93435, -12.98875, -0.70802, -42.96736, 10.58317, -40.65731, -5.25573, -45.02627, -24.18579, 36.00494, 9.47381, 46.56240, 149.88582, -17.95056, 23.53912, -44.22349, -10.00118, -104.23317, 150.19702, 19.22772, 3.06906, -44.73626, 73.99893, 46.75525, -39.98823, 91.20324, 33.84495, -18.62622, 127.75734, 55.59036, 95.58199, -165.23119, -117.54257, -30.25772, -178.14575, -123.98686, -7.86828, -137.75785, 26.82665, -10.56046, 23.60757, 39.99504, -18.14282, 147.00299, 150.82022, 66.55338, -23.97434, 64.61573, 7.25964, 58.95580, -167.24918, -141.22279, -143.14893, -114.97229, 21.96494, -103.46287, -16.79093, -51.73393, -47.88775, -64.66490, 174.55666, 37.70267, -23.84640, -128.20756, -16.60819, -126.03184, 174.44303, -146.08037, -175.74689, -135.83071, -13.91637, 3.11975, -45.71313, -162.19226, 14.04569, 63.40777, 29.01303, -47.60562, -36.61661, 157.29244, 168.56283, 167.59344, 177.87105, 67.62855, 108.41339, -5.45432, 5.29083, -108.31877, 2.27290, 33.57233, -13.25699, -123.64461, -33.43603, 54.83070, 48.55059, 109.41426, -140.17105, -173.30400, 67.57904, 50.20024, -24.84891, 23.82778, 172.04998, -29.53078, -128.43640, -117.88529, -125.29731, 174.88839, -152.72800, 123.83528, 
 | Execution: 11 Overall Best: -43.1483 -> -92.2877 GPU Time (s): 2.09394507 and HJ Time (s): 53.83182001
 +==============================================================+ 
 | 12 -- Promising region found with value: -54.984932.
 | HJ uses 150227 / 150000 iterations [0.000507528786056416392376278157].
 | 12 -- Conformation 
 | 54.36901, -16.29201, -24.65977, -178.02827, -84.86236, -17.09330, -50.18129, -153.38377, -26.59629, -98.42598, 102.45301, 0.56456, -138.06510, 142.31198, 22.18324, -64.32114, 136.96272, -121.63414, 79.71146, 12.70841, 173.19307, 3.91227, -24.09230, 65.43238, 55.96734, -19.53706, -133.29396, -27.49990, 171.80475, -11.91550, -156.13170, -20.33638, -23.65101, -36.54789, -7.42695, -2.73882, 26.75738, 10.10209, 164.92042, 16.96783, 8.71220, 0.68700, -8.96186, -161.70502, -21.87506, 54.11434, -0.38640, 124.35858, 152.30293, 84.83000, 2.80464, 68.33611, 91.93923, 96.55506, 2.64739, -40.14614, 20.43216, 19.97354, 8.54802, -19.14213, -118.82904, 1.22460, -8.18909, 58.81811, -21.45392, 3.23396, -44.33684, 40.98409, -14.99925, 39.57216, -3.06949, 88.86150, 139.18662, 57.08900, 7.39999, 7.04070, 3.00914, 10.83474, 72.98053, 36.87354, 5.96970, -1.18625, -31.03921, 3.61087, 1.94072, -48.26386, -125.54806, -71.76677, -157.38053, -62.93789, -39.01255, 2.16083, 10.59617, 142.48254, 63.92366, 0.71149, 87.69379, -20.15454, 14.32853, -71.51750, -26.83004, -68.27904, 151.19989, 4.32999, 163.32050, 34.32332, 91.50076, 109.07688, -12.70860, -15.23931, -169.69386, -4.53115, -43.45828, 173.26636, -48.27751, 133.84651, -64.12932, -107.90794, 7.12064, -35.85090, -64.73306, -133.80655, 133.77209, 47.75426, -134.80080, 112.93777, -143.31301, -83.45872, -39.43190, 149.87688, 22.43779, -91.24473, -123.74523, -7.46881, 151.13965, 147.21191, -2.48684, 43.16856, 19.22018, 98.23212, -8.97022, -51.00224, 9.02765, 114.48561, -0.04238, -4.01172, 50.87091, 155.62422, -0.61147, 104.13953, 7.64910, -64.33925, 18.00049, 77.86315, 37.39745, 90.72422, 68.89599, -36.65441, -121.74139, -151.75534, -72.37103, -172.23212, -94.62453, -2.75814, 66.45631, 65.62275, 40.08858, 9.09593, -105.70416, -41.84445, 63.28265, 
 | Execution: 12 Overall Best: -54.9849 -> -84.4481 GPU Time (s): 2.31848657 and HJ Time (s): 54.21840405
 +==============================================================+ 
 | 13 -- Promising region found with value: -63.193413.
 | HJ uses 150076 / 150000 iterations [0.000563920873396018141471275342].
 | 13 -- Conformation 
 | 60.13005, -16.43225, 9.20056, 43.10847, -54.23213, 6.37972, -83.40327, 16.78870, -35.46426, -10.46113, 27.14383, -15.16365, -102.64358, 39.67773, 69.04589, -56.04875, -6.49183, 145.17554, 42.74520, 69.59603, 21.77739, -66.92506, -151.68915, 23.66562, 73.81123, -9.52743, 47.25888, -32.76987, -7.19822, -167.07735, 95.50256, -15.00341, -58.22085, 41.17559, -115.20532, -0.59428, 38.81943, -25.72919, -12.42264, 13.12230, -54.19722, 4.82677, 1.06991, 8.22195, -125.50276, -21.98878, -70.04505, 13.58165, -49.94505, 76.01291, -111.23640, -6.40883, -56.25389, -60.22042, -45.03586, 81.28293, 165.78911, -72.29985, -1.37622, -22.02842, 40.49238, 52.91814, 136.14799, -110.65790, -54.84803, -55.30079, -55.79934, -121.75346, -36.99252, 59.33463, -91.57215, 65.27269, 123.53880, -39.85093, -4.98164, -71.74000, -4.97567, -26.36210, 6.19461, 81.75045, 44.14570, 2.40941, 114.06254, 20.56834, 12.31300, -28.11687, -113.27891, -78.86493, -30.18582, 35.76923, 84.83205, 37.62003, -140.28979, -94.49822, -136.49094, -14.05524, -37.52683, 144.35242, -64.59571, 47.00687, 46.27989, 108.92418, -41.74149, -4.50748, -58.20861, -36.61176, -2.40790, 60.45401, 11.49968, -3.17892, -83.25067, -120.88216, -162.11999, -56.15728, -161.91761, 67.95331, -17.65160, -54.68484, 148.08947, 55.87946, 105.92612, -4.10017, 100.37044, 56.46547, 164.59310, -0.76160, -122.64577, -38.60129, 49.80021, 111.43318, 64.94206, -41.75935, -157.62800, -6.73322, -38.81479, 163.25894, -104.36654, -129.18602, 143.29139, 58.10924, 1.54859, -132.38979, 22.91176, -67.75438, 44.32464, -43.35225, 67.97572, -8.15485, 43.92089, 167.97262, -145.20468, -135.42170, -10.31510, -138.46534, 2.17395, 119.64972, -19.48272, -165.16289, 75.42664, 52.39028, 10.40292, -78.99536, -129.94508, -132.14322, -173.91758, -177.60146, -107.13042, -13.40825, -144.15972, -69.87842, 36.96367, 
 | Execution: 13 Overall Best: -63.1934 -> -79.5699 GPU Time (s): 2.30517871 and HJ Time (s): 54.03183413
 +==============================================================+ 
 | 14 -- Promising region found with value: -66.597046.
 | HJ uses 150106 / 150000 iterations [0.000218474500528392518838155523].
 | 14 -- Conformation 
 | 63.55604, 22.17688, -21.35310, 2.95306, -145.42572, 9.67266, 20.69006, -17.14488, -5.98745, 20.59323, 49.92173, 16.78839, 18.34642, -2.81353, -112.51108, -33.51719, -40.86733, 13.24687, -14.59650, 14.23980, -12.84279, -6.63592, -27.83723, -25.09426, 22.83341, 76.08716, -26.37919, 5.37128, -17.20757, 12.53264, -31.73771, -1.74881, -58.72347, 58.81322, 27.85919, 1.28512, 1.18231, -107.28032, -165.93600, 64.76925, -0.81518, 16.03610, -12.30356, -1.22402, -46.65826, 50.67229, -3.61865, 27.72494, 15.40612, -72.36844, -32.80313, -24.28943, -56.61381, 47.03768, 108.12375, -12.21608, -6.50435, -42.81888, 101.87006, 6.74306, -14.28887, -21.66426, -35.68431, 39.85117, -5.78297, -15.53627, -68.43906, 8.21722, -13.08572, -5.71446, 152.72830, -5.49386, 22.95170, 0.71295, 3.40411, 0.79632, -9.32341, -2.53695, 71.97348, -19.79990, -10.35232, -12.93660, 28.49252, -78.51755, 0.74188, 121.07618, 13.25783, -5.04586, -65.36633, -0.75168, -171.23439, -114.52123, -11.57918, 28.95727, 56.88201, 46.05984, -7.33621, -121.62475, -85.30806, 22.06286, 65.17600, -5.20266, -141.20135, 157.31542, -91.69373, -70.77245, -78.67605, -64.06196, 38.49463, 107.23482, -2.91724, -0.97890, -71.87656, -8.24046, 41.13627, 158.06937, 39.20233, -4.36351, -27.28250, -20.21798, -14.26165, 87.27358, -9.48337, 20.61244, 37.99581, -176.23731, 78.56583, 101.95635, 129.00722, 118.92944, 13.47261, -108.15026, -167.56478, 123.08316, 33.18001, -77.45865, 31.20438, 4.67748, -122.62820, -18.79064, -35.30752, -103.85185, -137.18549, 55.31114, 116.62283, -151.59032, 96.27746, -160.65114, 33.41359, 154.83964, 76.05355, 2.50355, -148.25066, -128.86107, -149.51138, -2.78917, 173.57922, 55.59107, 59.00411, 44.72757, -10.85153, -105.58982, -147.98086, 168.25366, 37.37110, 48.85239, 19.01589, 61.33937, -15.30589, -8.89287, -25.86195, 
 | Execution: 14 Overall Best: -66.5970 -> -91.8771 GPU Time (s): 2.25697681 and HJ Time (s): 54.05744100
 +==============================================================+ 
 | 15 -- Promising region found with value: -60.672508.
 | HJ uses 150089 / 150000 iterations [0.000332989636531614858344640950].
 | 15 -- Conformation 
 | 70.76238, -13.09267, -38.26665, 80.14387, 6.03691, -12.04513, -0.62701, -50.51630, -6.95240, -143.80087, 0.73609, -40.28451, 15.07628, 13.97661, -27.64697, 96.11853, 25.69108, 36.31972, -139.71402, 49.44051, 91.12531, -5.90128, -93.95609, -48.20699, -12.10541, 34.86103, -40.60808, 48.13380, -11.09343, 26.85089, -58.95331, -165.92591, -49.30833, 3.04732, 34.31275, 40.54462, -34.99376, 28.81170, 37.49974, 141.28990, 38.45263, 128.27307, -8.83448, -35.61848, 72.35519, -88.43321, -138.24522, -175.44637, -69.86706, 8.79227, -55.31760, 53.00742, 8.49967, -37.99963, -6.09716, -116.56558, 10.83338, 149.73597, 40.36898, -26.03701, -120.04953, -3.20811, -74.60290, -102.82157, 21.50039, 9.31343, -7.42281, 3.06557, -4.29589, -9.99874, -5.56673, 40.25879, -29.66278, 117.70189, 27.83728, -30.31290, -0.36047, 0.22682, 23.32858, 2.40288, -18.95631, 25.05750, 0.31845, -103.85956, 65.94094, -1.85001, 174.38942, -176.32738, -14.51202, 128.30568, 117.29165, 128.35379, 15.18057, 42.09970, 129.41885, 169.73574, -143.55261, -6.33848, -80.94627, 30.00901, -156.75538, -52.74209, 60.58272, 63.49328, 178.25670, -179.19239, -31.79592, -172.20371, -60.87197, -126.06193, -9.69072, -22.01821, 163.99541, 44.07223, 37.59553, -158.85389, 157.85607, 15.31494, -100.26128, -134.05961, -158.36126, -135.01604, -6.09174, -2.02527, 25.53605, -32.30084, 25.98760, -128.95903, -39.61747, -134.63758, 20.85996, 155.20746, 157.33934, -157.99561, -110.93803, 12.07357, -40.81029, -23.16929, 19.83527, 2.30255, 30.35780, 169.34500, 22.85072, 3.98935, -176.88906, -161.19405, -174.22935, -147.56845, -29.38744, -26.67045, 23.92663, -3.59780, 96.49927, 4.16922, -77.87287, -109.27238, -163.05653, 53.40176, -168.23848, -134.03519, -151.00910, -73.94296, -91.83363, -10.14082, 70.34802, 107.98219, 54.62712, 71.82907, -152.20896, -3.65661, 164.47476, 
 | Execution: 15 Overall Best: -60.6725 -> -75.9609 GPU Time (s): 2.43441357 and HJ Time (s): 53.96936703
 +==============================================================+ 
 | 16 -- Promising region found with value: -48.406193.
 | HJ uses 150300 / 150000 iterations [0.000269721605590608043932776550].
 | 16 -- Conformation 
 | 19.01394, 84.39436, -113.26201, -0.96167, -14.84155, 121.11397, -18.73081, -26.86737, -18.56763, 6.78254, -1.12604, -4.01549, -134.79285, -30.23224, 13.14602, -50.12615, 132.80158, -96.43827, 86.59961, -65.17994, -7.04268, 71.86514, -22.44559, 39.20422, 6.15875, -53.53837, 44.73120, 49.11488, -16.82692, 15.43089, -14.38109, -145.86117, -8.51454, 101.49424, -42.62022, 11.30174, 77.20873, 0.38547, -153.05955, -47.80527, 18.57567, -34.56808, 0.01418, -2.22575, -46.48278, 6.85452, -58.46267, 35.97414, 149.53186, 15.02259, 5.70545, -127.80031, -2.10658, 0.41029, -22.25437, 7.10218, 6.70940, 0.76119, 22.90625, -28.93183, -17.39545, -62.91263, 0.11921, 113.21552, -19.25295, 0.48686, -12.20415, -8.37860, -7.62591, 48.96243, 93.42345, -53.98864, -34.38979, -13.00673, 4.44698, 177.89989, 76.19516, 143.16427, -136.85572, -31.75401, 18.93774, 172.08968, 6.03551, -1.45554, -73.43813, -2.31283, 119.14504, 6.91689, 123.66653, 11.16555, 146.80819, -5.16640, -105.54423, -154.27016, 155.91743, -104.57130, 166.05674, -104.93789, -126.05333, -1.76206, 26.98692, -164.28060, 100.97696, -1.70493, -119.22850, -25.12649, -150.38647, -178.31419, -42.44921, -4.34601, 26.07400, -141.24988, -52.12655, -179.50118, -145.73162, -32.48655, -15.76150, 156.10347, -170.10358, -38.57972, -56.27331, -178.36024, 34.71380, 168.15098, 169.13935, 9.55587, 129.31024, 144.86063, -171.96627, 154.94259, 177.03701, -24.54427, 178.37613, -152.41720, 27.97906, 139.69243, 167.50378, 78.13965, 112.13130, 95.02489, -158.51609, 123.94089, 29.04876, 133.67203, 3.00532, -1.32141, -124.08457, -4.21733, 9.84935, 50.69047, 135.68885, -135.85596, 120.24291, 60.96586, 124.92449, -174.48841, 1.80724, 115.38034, 125.62982, 166.70091, 35.47482, -0.47059, -3.86779, -53.49379, -16.68383, -8.39611, -163.59466, -7.24144, 105.11225, 158.35106, -91.35868, 
 | Execution: 16 Overall Best: -48.4062 -> -80.6441 GPU Time (s): 2.08049561 and HJ Time (s): 54.01609302
 +==============================================================+ 
 | 17 -- Promising region found with value: -47.813065.
 | HJ uses 150254 / 150000 iterations [0.000369988485035127590266207376].
 | 17 -- Conformation 
 | 19.63194, -42.72813, -77.25073, -67.84465, 47.48989, -84.58938, -16.92855, 49.91829, 53.72568, 46.24835, -19.86800, -68.62017, -19.98958, -43.55978, -76.62513, 0.38582, -97.56526, 9.95280, -43.33631, 26.74320, -22.96621, -15.89148, -20.94789, 49.92498, 25.73805, 1.26317, 19.20798, -8.04237, 37.77857, 47.15116, -13.42023, 53.52578, 172.86161, -65.28914, 43.49077, 1.29947, -6.88473, -117.45356, 16.48819, 2.52747, 6.99077, 5.39420, 15.45500, 0.41373, 90.24939, -28.28808, 86.89127, 167.53055, -60.20890, 10.17752, 77.81622, -22.80303, 0.80097, -89.96315, 16.09848, -65.70365, 2.33932, 15.75470, -61.94617, -9.92711, 28.55258, -35.35567, 23.40417, 49.26978, -9.05253, 10.63765, -8.17803, -163.84656, 18.72344, -18.12767, 26.74784, -49.33120, 6.83846, -85.43161, 0.19875, -50.62326, 48.79674, 9.68209, 18.07853, 68.93248, -2.70700, 73.71721, -79.11939, 8.24680, 171.68778, -8.91850, -70.04494, -16.07663, 11.38161, 9.82408, 148.72103, 109.40446, -163.60706, -138.10479, 146.67123, -112.21592, -125.28973, 1.80688, -58.07691, 50.97496, 172.87016, -16.81088, 51.49671, 146.09094, -6.59348, 39.14471, 67.70190, 45.70935, -38.76950, -106.09858, -38.28741, 59.93350, 42.59415, 158.95941, 139.86696, 6.84753, 167.17896, -9.56900, -118.08704, -47.16484, -20.23564, 37.37807, 15.18128, 168.95472, -81.14366, 167.81987, -152.64845, 114.59090, 31.88218, 166.14433, 20.72730, 0.40602, 28.21688, -164.58268, 60.28377, -33.61162, 27.30699, 65.75967, 0.30581, -120.99872, 14.86042, 30.88434, 7.67967, -178.74520, 58.84255, 169.45842, 5.27455, 130.63544, 13.55946, 111.01318, 20.82974, -61.55685, 138.72527, 100.38626, 62.56604, 50.42369, 18.47380, -97.91395, -158.33036, -101.76260, -63.35538, -154.65815, -144.78246, 171.19700, -170.66499, -67.48094, 2.11234, 156.47649, -86.30561, -151.59136, 85.27188, 
 | Execution: 17 Overall Best: -47.8131 -> -91.8825 GPU Time (s): 2.08314258 and HJ Time (s): 53.83588600
 +==============================================================+ 
 | 18 -- Promising region found with value: -48.488247.
 | HJ uses 150083 / 150000 iterations [0.000456775907450774763980672066].
 | 18 -- Conformation 
 | 85.90262, 10.69587, 27.72337, 13.92615, -0.07765, 28.05250, 20.02833, -46.20548, -51.77228, 1.89733, 35.28451, 119.55730, 13.70720, -114.09713, -21.05080, -21.98600, -100.90273, -4.67746, 88.17687, -49.94800, 7.64494, -0.51473, 103.49699, 9.53312, -4.99733, -0.37221, 66.46149, 56.27358, 2.40321, -1.03594, -94.18618, 17.22969, -66.97275, 49.91314, 23.28380, 17.86301, -22.50210, -113.22317, -89.37868, 168.97302, 35.95673, -44.07706, 1.93949, -7.20446, 139.10793, 59.88624, -134.54034, 164.42115, 65.72625, 57.11492, 3.14193, 137.95466, 32.90468, -1.43272, -2.99732, -39.54805, -121.18710, -65.51423, 124.35431, -4.02929, 30.67156, 5.13404, -50.09299, -106.31896, 2.31818, -31.44018, 36.74588, -80.67239, -161.74877, 83.88396, 9.13166, 49.73291, -32.93625, 16.02505, -6.31148, 2.25425, -104.49118, -93.22743, 7.76808, -0.72154, 1.54392, -1.74609, 19.98527, 34.59519, -57.39340, 4.33966, -127.63741, -143.60226, 169.15849, -79.34920, -129.43166, -144.92473, -12.74987, -30.98752, -4.10891, -123.11823, -51.29498, 138.28679, -24.43673, 61.22324, 89.17832, 118.78173, -28.92500, -116.65728, -61.31290, -72.61895, -111.43425, -20.50469, 35.40587, 52.39431, -51.55382, 177.36065, -123.36445, -136.83503, -88.66957, 7.13285, -15.34905, -128.16401, 45.95480, 71.67056, 57.85549, 63.94406, -15.58890, 8.14500, -31.72565, 104.77720, -164.74259, 143.29817, 86.69360, 37.28776, 127.98826, 167.16200, -135.66164, 43.19305, -63.55743, 40.56774, 19.15469, 69.07252, 121.59178, 57.79146, -43.51105, -165.52359, 106.60062, 177.57399, 132.53940, 34.85703, 154.09892, 40.12689, -53.44636, 2.09958, -79.67330, 177.47216, -106.93747, -9.52973, 114.73855, 73.76816, 156.12265, -53.64316, -108.08550, -86.87964, -33.74397, 130.86271, 78.48558, 73.74544, 33.60038, 27.35424, 25.69851, 4.99724, 117.35726, 14.75651, -106.80593, 
 | Execution: 18 Overall Best: -48.4882 -> -71.6246 GPU Time (s): 2.11378589 and HJ Time (s): 53.86571598
 +==============================================================+ 
 | 19 -- Promising region found with value: -45.474113.
 | HJ uses 150106 / 150000 iterations [0.000369988485035127590266207376].
 | 19 -- Conformation 
 | 43.60404, 2.80421, -0.84102, -0.48427, 0.46904, -1.00893, -52.53758, -4.16032, -29.01281, -20.75522, -30.22853, 17.32749, 13.88867, 116.42018, 6.11880, 1.24788, 57.78679, 0.06649, 169.54834, 112.30595, -7.46423, -14.77238, 45.58870, -33.67776, 29.07432, -77.48581, 26.42850, -4.83072, -74.12826, 95.26480, -178.86608, -65.97520, -12.74510, 8.87327, 0.38539, -38.62018, 2.51825, 64.13683, -0.73852, -100.24108, 5.65148, -61.89708, -11.65701, 23.42194, 87.43259, -175.37013, 69.92599, 111.13180, -3.50627, -66.63691, 132.35610, 43.47686, 36.17806, -4.68131, -21.06069, 8.56478, 20.91043, 37.27965, -34.63926, 4.37770, -30.63214, 18.39274, 20.99491, -16.98653, 115.12537, 30.34242, -81.04346, 13.62585, -10.22498, -176.14576, -10.87337, 153.36572, -57.60515, -57.34048, -18.25655, -120.09445, -45.81242, -3.45910, 20.53082, -20.11288, -59.33820, -7.66614, 174.83084, 52.15646, 117.65883, -136.46937, 102.97165, 58.54222, 12.33406, 123.77740, 85.40359, 37.41197, 154.09797, 118.37476, 53.64836, 114.49745, 167.82364, -79.73790, 10.78137, -14.87829, 22.95488, -0.69061, -139.29286, -3.20647, -135.48267, -74.00179, 18.00132, 107.97132, -15.54005, -51.09075, -3.94092, 7.39776, 115.32345, -5.45403, -167.66107, 31.97104, -5.69553, -67.16524, 42.85450, -0.12862, 6.65337, -98.65830, 7.35252, -13.30173, 27.95360, -16.75377, 76.22356, -3.85480, -94.32124, -136.47925, -12.79204, 0.03878, 3.22931, 24.00771, -81.23651, 149.43889, -130.19480, -132.30395, -141.87151, -142.42933, -160.78335, -74.98725, 15.84034, 166.38813, 44.12745, 130.47437, 3.67417, 107.93408, -1.81730, -129.49488, -14.61243, 127.00685, -19.70877, 66.48964, 31.08247, -170.82956, -5.74004, 71.07583, 45.91130, 63.12762, 132.67249, -154.45319, -93.58442, -9.95826, 64.09928, -17.07841, -103.30452, -13.04967, -30.30462, -19.27883, 37.46346, 
 | Execution: 19 Overall Best: -45.4741 -> -82.5436 GPU Time (s): 2.08441943 and HJ Time (s): 53.87217093
 +==============================================================+ 
 | 20 -- Promising region found with value: -46.135460.
 | HJ uses 150192 / 150000 iterations [0.000626578748217797862687938881].
 | 20 -- Conformation 
 | 36.02202, 11.69033, 6.23601, 20.22504, 8.78889, -165.44741, -179.38259, -117.29771, -9.90205, 15.18502, -66.45869, -54.08451, -7.56171, 16.00737, -13.72294, -45.46594, -131.24335, -11.08392, 17.32945, -65.74965, -27.96660, 24.23761, -30.52731, 36.62968, -3.84426, -4.19292, -23.58890, -126.64797, 1.66324, 1.13664, -77.73313, 3.76278, -94.45741, -113.68375, 32.55119, 9.90895, -171.34920, 75.46415, 22.58969, 32.30224, -12.68909, 16.65104, -131.95564, -144.80728, -31.96922, 3.64501, -6.79129, 47.13231, -70.60723, -157.97869, -171.22352, -133.90412, 3.01738, -92.54881, 10.97473, 8.39737, 2.99614, 0.47034, -136.44223, 133.82722, -132.56646, 3.74046, -67.78452, 9.14264, 24.46535, -101.81224, -25.19908, -63.69586, 16.30622, 27.32186, -64.54682, 102.89931, -113.84675, -6.25436, -2.70980, -134.55161, 0.52459, 6.20788, -6.26780, -12.88242, 78.33698, 9.25543, -106.34334, 44.61635, 66.96332, 35.16415, -39.53069, -77.42136, -103.89604, 144.48098, 56.45101, 16.07092, -85.17693, -47.20193, -33.42403, 154.59209, -112.63551, 9.46561, -21.54534, 92.37041, 26.88096, 140.24249, 179.73452, -159.94462, -139.60735, -165.90423, 127.96450, 22.31860, 146.03604, 119.07293, -133.24678, 126.21877, -175.18088, -27.32128, -4.12486, 37.60701, -49.64075, -135.42441, 116.69530, 76.83877, 60.17056, -137.84451, -173.63591, -115.91379, -9.23841, -136.15861, -28.06283, -174.52720, 149.73533, 111.65924, 96.86463, -16.35536, -66.66473, -37.68382, 44.51208, 159.42249, 34.28191, 128.65320, 66.67020, 166.97460, -96.55579, -72.75765, -40.43011, -38.26100, 145.17348, -25.05794, 92.75739, -11.13847, 23.71974, 97.08385, 171.93039, -115.46855, 142.56575, -4.24351, -96.84564, -74.76291, -54.57475, 121.14670, 50.72838, 68.82504, 147.31159, -61.24566, -120.65046, -130.26692, -57.29860, 179.64167, 106.61988, 50.59927, -176.67822, -118.38726, -0.65092, 
 | Execution: 20 Overall Best: -46.1355 -> -97.7420 GPU Time (s): 2.09981958 and HJ Time (s): 54.04066896
 +==============================================================+ 
 | 21 -- Promising region found with value: -53.837379.
 | HJ uses 150101 / 150000 iterations [0.000411098316705697298424626585].
 | 21 -- Conformation 
 | 55.78345, -45.90693, -98.53911, -117.95011, -41.47994, -2.40454, -20.54661, 0.56211, -0.36658, 122.73859, -125.18486, -175.26132, 63.50185, -0.34267, 0.98042, -61.55498, 12.63178, 108.12426, 34.41121, -86.52124, 63.21902, -25.59544, -109.71118, 11.52704, -9.67337, -10.61730, 3.89628, -57.97118, -79.80205, -7.59377, 16.91087, -1.22780, -0.74957, -4.38832, -0.43902, 0.00759, 0.56874, -4.24376, -2.50611, 39.79723, 31.29126, 26.96254, -21.74252, -129.94269, -137.99511, -33.83784, -8.13150, -3.83009, -22.68990, -36.50287, 85.73938, -40.87388, 2.89506, -19.05636, 9.59648, 4.13187, 93.65186, 12.41416, -38.25086, 47.96566, 150.70675, -33.13044, -23.26156, 35.81950, 103.65037, -0.18927, -49.32756, 82.23832, -74.83120, 80.83907, -145.24582, 49.53576, -23.80468, 22.59362, -51.77857, -28.34560, -35.43599, 110.30126, 94.87244, -13.93803, -11.04826, -11.63451, -53.41886, -0.38374, 27.11627, 50.25108, 15.00243, -2.44382, 26.27356, 33.47307, 42.16653, 7.38273, -90.70694, -134.42319, 1.13222, -9.23749, -37.10365, -0.83001, -120.95025, -9.78450, -11.83405, -24.59568, 51.16404, 137.65135, 178.83695, -2.14966, 23.61766, 3.67384, 50.82242, 111.37541, 9.08124, 112.63203, -3.09270, -70.71058, -29.82650, 72.10478, -39.09588, -99.90560, 11.17083, 8.21438, 12.82538, 114.68207, 13.11278, 54.58699, -40.10814, 72.40179, -26.61994, 55.72145, 19.02129, -31.06982, -44.34907, 66.70389, 130.89496, 64.78699, -46.66301, 1.00815, 50.22975, 43.65858, 19.03100, 78.90325, -176.47291, -8.15924, 7.52513, -101.10650, 22.21403, 3.83369, 64.04827, 168.90162, 23.71078, 11.59586, 55.39314, -22.59210, -39.14057, -51.30698, 148.48765, 50.78977, 161.41663, -50.23853, -45.35021, -7.99230, 39.38627, 137.54978, -8.50427, 50.39212, 58.86541, -25.59166, -110.01745, -162.73967, -27.45946, -106.11634, 142.15403, 
 | Execution: 21 Overall Best: -53.8374 -> -81.7463 GPU Time (s): 2.51466675 and HJ Time (s): 53.65065718
 +==============================================================+ 
 | 22 -- Promising region found with value: -38.056950.
 | HJ uses 150260 / 150000 iterations [0.000456775907450774763980672066].
 | 22 -- Conformation 
 | 56.74907, -19.26465, -0.48608, 69.10768, 58.62856, -7.12734, -12.80658, -23.64851, -12.16463, 7.76152, -117.21919, -100.49210, -169.79916, -18.28270, -97.97535, -35.12031, 90.49382, -124.12158, 137.85426, -89.82309, -63.53020, -2.21566, 1.60168, -10.56815, -39.43509, -46.63363, 55.51644, 26.64523, 132.13656, 65.11642, -110.27047, 108.86649, 39.51229, -23.74911, 59.45309, -80.68238, -4.60995, 14.70310, 49.10962, 49.66161, -99.63610, -22.56092, 1.88047, -2.12191, -23.38565, 22.69843, 6.16062, -108.20949, -2.45591, -83.43632, 25.92414, 70.10273, 92.49900, 69.92810, 16.20179, 75.30662, -124.58620, 21.00805, 16.17171, 39.17897, 121.46905, -127.42713, 30.01204, -29.89631, 3.92952, 152.14194, -5.48219, -36.45721, -16.08883, 101.84229, -4.91661, -14.61654, 133.78275, 52.72584, 138.05110, -99.89915, 29.35264, -32.90079, -15.19844, 20.46903, 73.46171, 9.20762, 37.80357, -26.80310, -6.07499, 43.83552, 79.61764, 39.81294, 35.16277, -74.92206, -126.86562, -156.74297, -52.92970, -77.00423, -165.42860, -13.06925, 0.39835, -155.21618, 73.45801, -157.44910, -114.77376, -46.49164, 116.73537, 176.34141, -7.73111, -22.89492, -75.89032, -139.15509, -34.34815, -54.35316, 49.45267, 31.24474, -72.61549, 6.08528, -37.87735, -38.25726, -16.95664, 6.55683, -127.65545, -40.61427, -177.86973, 22.39878, 128.24887, 157.32087, 69.15215, -4.55733, 97.90297, 109.19007, 95.03725, 33.81760, 32.89262, 147.86138, -15.29886, -121.69728, 147.51298, 100.22562, -150.00812, 151.02856, 171.87457, 133.93822, 7.84748, 148.80471, 47.68706, -55.47440, -77.84755, 167.52259, -129.31475, 7.09065, 154.46279, 78.21958, 10.17264, -108.52782, 147.91271, -130.57579, -106.11547, -83.51385, -126.47783, 58.64599, 118.93014, 74.27618, 137.44882, -53.63415, -64.35615, -8.89620, 20.32507, -40.27616, -158.94742, -167.17876, -13.27585, 16.40435, 152.53933, 
 | Execution: 22 Overall Best: -38.0569 -> -92.4497 GPU Time (s): 2.08821240 and HJ Time (s): 54.09549284
 +==============================================================+ 
 | 23 -- Promising region found with value: -44.425381.
 | HJ uses 150169 / 150000 iterations [0.000773554010145429500264202538].
 | 23 -- Conformation 
 | 20.94045, -27.71744, 17.58990, 33.68371, -35.54256, 13.02227, 20.95989, -13.12849, 38.89781, 28.74327, 137.41699, 12.59009, -6.00585, -131.83523, 175.32971, 9.11948, -11.24014, 3.73637, -78.21129, -19.44776, 69.02364, 0.15724, -8.53151, -39.38320, 12.16055, -88.38654, 22.95996, -33.45458, 15.89547, 2.21318, -39.89616, -145.02543, -42.72715, 23.31520, 2.49371, -29.36362, 70.73075, -93.74562, 36.48133, -0.55306, -49.96071, -145.26828, 7.67740, -11.95237, -111.65463, 87.72771, -10.99029, -82.97584, -141.91448, 13.53925, 4.29001, -133.94579, 15.23171, 46.36030, 39.71736, -50.92998, 36.86444, -17.94034, 115.35254, 47.59061, 46.11059, -70.51839, 0.43082, 38.66689, -58.38022, -6.51467, 1.28311, -3.18824, -5.23479, -43.90041, -101.09946, -11.48100, 35.61565, -24.30221, -5.03592, -8.77612, -1.69156, -4.26785, 16.60403, 15.11880, 4.75857, -28.96804, 4.99402, 38.52248, 30.51821, 106.76245, 110.89783, 29.05451, 7.45514, -140.42635, -141.77633, -151.95936, -44.48538, -59.91723, 0.15531, 24.59747, 144.00390, -103.36580, 0.87185, -130.90915, -81.05256, -23.02571, 89.70230, 155.60995, -151.19757, -60.49010, -120.95365, -62.65727, 43.98587, 46.34253, 141.21978, -2.22843, -122.38475, -172.55079, -91.53515, 15.18514, -57.98921, -155.69987, 0.78743, 31.27588, 58.26204, 134.93409, 57.58281, 134.02161, 22.46033, 155.68551, -144.90013, -59.60814, -32.12404, -54.04577, -37.38752, 28.34533, -2.17251, -138.89014, 69.82025, 136.28066, 0.30339, 153.09293, 66.02102, -25.54499, 137.05541, 138.64620, 102.60095, -6.83313, 133.59845, 33.08032, -3.08453, 32.75617, 156.70159, 124.82565, 132.52867, 151.70878, -104.11618, -50.77041, -51.25085, -15.41311, -122.70152, 1.63744, 34.31492, -13.01138, 2.22360, -30.56584, -32.86084, -69.55821, -111.92629, -136.81583, -134.91065, -68.63522, 175.38267, -156.92069, 30.59710, 
 | Execution: 23 Overall Best: -44.4254 -> -76.0520 GPU Time (s): 2.08813379 and HJ Time (s): 53.90971279
 +==============================================================+ 
 | 24 -- Promising region found with value: -48.111431.
 | HJ uses 150145 / 150000 iterations [0.000411098316705697298424626585].
 | 24 -- Conformation 
 | 43.82154, -8.57254, -0.13159, 7.55296, -110.99570, 37.91896, 0.93161, 25.12647, 40.36040, -20.00261, 18.41377, 68.42819, -15.67207, 2.29519, 76.19915, -4.72425, -172.29955, 141.11951, -36.72851, 73.70018, 75.78391, 103.37428, -38.62737, 27.39399, -42.53437, 88.97871, 56.60475, -16.83201, 89.94986, 178.79927, -59.72485, -20.15465, -21.45496, 49.88283, 107.22873, -33.94293, 17.47704, -51.49881, -50.63266, 58.94682, 61.21107, -9.42650, 74.22659, -4.51218, -11.54973, 105.10363, -11.21515, -28.86069, -129.84342, 56.65982, -130.64155, 167.43328, 99.51012, -157.90269, -60.82958, -3.01922, 115.91811, -61.44476, -48.41945, -173.76959, 101.63252, 111.27010, 4.89890, -90.74164, -4.18193, -48.81054, -45.92508, 159.91880, 24.11516, 120.30582, 16.58498, 4.22153, -55.32206, -47.17487, -30.23571, 7.48736, 26.24029, -9.94193, -87.92263, 4.41767, 52.35622, 4.16274, -9.92817, 0.33899, 62.15774, -26.16408, -94.45221, -103.00672, -84.04628, 17.01478, -145.08042, -111.18688, -9.55169, 21.34983, 1.24783, 120.47826, -158.23660, 66.84739, 118.09522, -18.33140, -16.46161, -165.15042, -34.04351, -162.99241, 102.53031, 34.89579, -3.82500, 177.41491, 36.95469, 22.55127, 118.74104, -145.11149, 135.46197, -25.86753, -36.52332, -16.07037, -141.72408, 172.26966, -2.67571, 9.92893, 174.14585, 135.41022, -0.98561, 4.59489, 29.18652, 141.97453, 13.76569, -174.64139, -149.85849, -65.54505, 163.79523, -178.62116, 147.51989, -21.36098, -44.87628, 163.88985, 13.21419, -8.05129, 116.07982, 1.82431, 110.11257, 154.38527, -46.68169, -18.78758, -23.39579, -144.76679, -37.49066, -55.58882, 165.99946, -91.53514, -171.47904, 99.60245, -18.80104, 142.87667, 137.88069, 77.18183, 88.13551, -23.45293, 30.47887, 13.12113, -9.02289, 46.79792, 31.27561, -8.91995, -133.57176, -37.59080, 38.20025, 21.07735, 126.21879, 24.89452, -112.71553, 
 | Execution: 24 Overall Best: -48.1114 -> -96.6087 GPU Time (s): 2.08919556 and HJ Time (s): 54.17278099
 +==============================================================+ 
 | 25 -- Promising region found with value: -61.243561.
 | HJ uses 150107 / 150000 iterations [0.000696198609130886550237782284].
 | 25 -- Conformation 
 | 10.14977, -59.11419, -122.22962, -16.50524, 16.55555, 3.43903, -132.47934, 0.05868, -0.26095, -3.62494, 150.55560, 11.88890, -27.56825, -7.18127, 19.91882, 40.11566, -65.13895, -5.21880, -85.81569, -94.50143, -130.43539, -12.21706, 30.90108, 6.76970, 6.30962, 102.66581, -16.53980, -26.75302, 39.69394, 3.20968, 62.53635, 21.70688, 65.33140, -2.67454, 14.58034, -2.80556, -22.84858, 87.67269, -64.02898, -96.63480, 28.69458, 22.71665, 31.90844, 35.44845, -31.24923, 2.40207, 103.82000, 82.79946, 100.49527, 29.63420, -95.92078, -79.91302, -6.90600, -88.40006, -19.39780, -9.68717, 72.06246, -11.37922, 50.50959, 18.55081, -95.68205, -23.53139, 23.71738, -21.81525, 50.04377, 4.57109, 21.70932, 6.45981, -3.02765, -0.03721, -2.34046, -147.45865, 20.96990, 84.49290, -26.61658, 1.23633, -1.06269, -35.40689, 2.52199, 28.85155, -8.78172, 56.98678, 55.57929, 4.16391, -57.63290, -0.73378, 47.19809, 2.20022, 159.03944, -148.41080, 177.47854, -34.39555, -30.11851, 9.20194, 55.93717, 171.07050, -37.52501, -162.11457, -69.13695, 174.72107, 171.77857, -40.46490, 60.97763, 144.66268, 37.05738, 31.45500, -153.86163, -49.55767, -159.31862, 140.08381, -27.64659, 112.62186, 37.92153, -43.85536, -1.41685, 117.19089, -3.67724, 16.68401, -173.78692, 172.18582, -163.65768, -153.11327, 51.33621, 106.95683, -0.43730, 54.26230, 116.89823, 27.29407, -53.52626, -155.33317, 135.69885, -46.35625, -5.76024, -120.73404, -2.79634, 55.24653, -54.19340, -52.51791, 6.09439, 101.26862, -6.04686, 15.88519, 161.08222, 43.21675, 163.65665, 139.18454, -133.49827, -20.95302, -149.46587, -3.07259, 91.10881, 176.99303, 72.25489, 163.07880, -114.29747, 162.54365, -40.02460, -26.51566, 23.43627, -165.19636, -115.47731, -17.55683, 26.31968, 45.88502, -5.75615, -91.42917, 177.06024, 140.48378, -132.72751, -66.89038, 38.32342, 
 | Execution: 25 Overall Best: -61.2436 -> -114.0301 GPU Time (s): 2.27678296 and HJ Time (s): 54.00419021
 +==============================================================+ 
 | 26 -- Promising region found with value: -43.441784.
 | HJ uses 150027 / 150000 iterations [0.000626578748217797862687938881].
 | 26 -- Conformation 
 | 28.18066, -20.08802, -0.71631, 7.91358, -10.96154, -61.64100, 60.94658, -15.73122, 90.47198, 79.00760, -40.24800, 20.48426, -46.32999, 86.89393, 17.24889, 33.74762, 12.26030, -24.07886, -58.20577, 45.88532, 21.03759, -33.06726, -12.23028, -103.13148, 39.99849, -60.68294, -25.89325, 61.42914, -8.85968, -10.98348, 13.28123, -22.65387, 9.90828, 62.39780, 14.80373, 20.22663, 70.50586, -16.18923, 3.21819, 21.03666, 17.20618, -18.54853, 17.57803, 11.22390, 52.12488, 45.40225, 111.93523, 7.06686, -126.70681, -33.92788, -28.36109, -146.53065, 17.03056, -6.72292, 16.58624, -127.10196, -5.18212, -0.26685, 26.77845, 2.84229, 60.53811, 35.79914, 35.90264, -5.61813, 3.24965, 15.30085, 0.15020, 42.47614, -3.58541, 0.69946, -9.92611, -23.21347, -117.89667, 8.52174, -3.15826, 1.67075, 2.73968, -1.29964, 0.81931, 1.12672, 2.14969, 2.65195, 27.92126, -64.22887, 14.49085, 78.47274, 44.80538, 14.03327, 57.23841, -2.31788, 32.88792, 178.10913, -125.47591, -27.45825, -11.07714, -18.00385, -1.75372, 168.02423, -30.97162, 169.78027, -167.57771, -145.16934, -21.66968, 52.85064, -13.67505, -34.74554, -138.80511, 133.22401, -165.01694, 4.56520, -7.49557, -116.88090, -5.62615, 50.60480, 20.11534, -81.63425, 29.83484, 91.35870, -155.41590, -163.06304, -138.56788, -20.29991, -124.10008, -57.89231, 44.98557, -66.18582, 33.13331, 34.13477, -15.93609, -19.83543, 44.05755, -170.47294, -88.30331, 22.70734, -136.44733, -23.10222, -8.43130, -172.03441, 107.36003, 14.85349, 52.85414, 164.71580, 101.44798, -3.75544, 111.18552, -4.89021, 109.14106, 121.01533, 1.35474, 104.58697, 76.08766, 59.04360, -38.46963, -100.49351, -87.86919, -114.09269, -29.20643, 45.81655, -147.56326, -64.02016, -23.96083, -64.05807, -89.12662, -15.95813, -41.96872, -132.01645, 145.10255, -139.90146, 38.00092, 154.20452, 0.22519, 
 | Execution: 26 Overall Best: -43.4418 -> -84.7033 GPU Time (s): 2.48749976 and HJ Time (s): 53.91433692
 +==============================================================+ 
 | 27 -- Promising region found with value: -50.150749.
 | HJ uses 150088 / 150000 iterations [0.000696198609130886550237782284].
 | 27 -- Conformation 
 | 23.34416, 6.45024, 15.95428, -131.16795, -0.98712, -164.80322, 73.20856, -19.89663, 31.86494, 11.42058, 127.99032, -5.57980, -59.81320, -131.02154, 2.36030, 148.48585, -124.14216, 79.76697, -59.31538, 44.52749, -70.47051, 4.10014, 104.88068, -0.07896, -63.32825, 34.28926, -64.75105, 40.96473, 57.71092, 3.34566, -98.61437, 26.22640, 72.66233, -4.69027, -7.11866, -2.43778, 25.41551, -82.78545, -3.37064, 46.33235, 6.36470, -11.02833, -7.20106, 6.96291, 8.58530, 50.29040, -8.57946, -87.34835, 23.62185, 90.38299, -38.27605, 81.49519, 21.55574, -53.13995, 7.23091, 47.38514, 47.03062, 6.31785, -109.40039, 0.15924, 17.24665, 0.63320, -4.88718, -3.42473, 2.14362, 5.72840, 15.02694, -5.25296, 5.22405, 94.68742, -3.14391, -84.41698, 26.86663, -6.39798, -5.95184, 11.33908, 12.86475, -36.19044, 35.75410, 4.14182, 0.58559, -1.15177, 19.31473, 28.85254, -63.69932, 6.27856, -43.25833, -29.28962, -167.44539, 104.61353, 37.59096, 144.63534, -26.34512, -18.75148, 70.93707, -147.10293, 3.62019, 139.66384, -143.64848, -165.12215, 4.63728, -141.74687, -156.94078, -64.00555, 151.46569, -19.33547, 22.74447, 24.36253, -1.86017, 3.17252, -15.04181, 16.39801, 45.54628, -56.51830, -7.77267, 21.77783, 18.08196, -19.86947, 137.85900, 169.26826, -163.81546, 170.97426, 13.66222, 90.63079, -14.94660, 98.69192, -4.16813, -66.64529, -6.23989, 29.09340, 26.37636, -74.96029, -6.78754, -167.06790, -10.80938, -41.43854, 2.18037, -41.13963, 8.49955, 115.66489, 2.48790, -55.81724, -45.64135, -7.43950, 26.68693, 130.93185, 17.65666, 13.17889, 124.56043, 20.22252, -39.89438, -24.17879, 80.56014, 136.05509, 120.84152, 68.36276, 32.05552, -109.68160, -140.59351, -116.26091, -72.09130, 29.92666, 65.16842, 42.12287, -0.87090, 4.42682, 17.40822, 4.61383, 116.45865, 18.80970, -101.17598, 
 | Execution: 27 Overall Best: -50.1507 -> -75.4764 GPU Time (s): 2.13434375 and HJ Time (s): 53.73910809
 +==============================================================+ 
 | 28 -- Promising region found with value: -50.713768.
 | HJ uses 150100 / 150000 iterations [0.000563920873396018141471275342].
 | 28 -- Conformation 
 | 46.44864, -1.39384, -2.70925, 43.30454, -54.12739, 13.77570, 23.71308, -9.11603, 0.10338, 13.10559, 52.37561, -0.90786, 59.95765, -16.38818, -14.72307, 37.02889, 5.11902, -64.68941, 26.49067, -36.79763, -35.84849, -129.82787, -42.82328, -26.23667, 86.01167, -7.43756, 49.13784, -63.22869, 82.75770, -0.83933, 7.70543, -6.01074, -23.53266, 22.82888, 153.49364, 11.44903, -0.16824, 8.79565, -57.03277, -159.87497, -47.58251, 3.08522, 11.12910, 12.59395, -102.46803, -8.20435, 72.61887, 46.09110, 1.08722, -156.91254, 113.33537, 118.73897, -37.11534, 30.75957, 45.03764, 39.40532, -20.35619, -6.45516, -0.29941, -125.74607, -53.62727, 8.71258, -22.51330, 86.75219, 20.60297, -14.88146, 5.48085, -30.76357, -47.32156, -17.50145, -0.77615, 28.01553, 45.71342, 2.22659, -20.53887, -6.10373, -36.77813, -6.45762, 7.12890, -13.53388, 50.45694, 6.88925, 93.41053, -24.03976, -23.29668, -150.27907, -97.26996, -110.61547, -38.13041, 135.63603, 59.74462, 11.46867, -86.63237, -134.62877, -153.44800, 163.63470, 140.36444, -0.19674, -163.84759, -49.22199, -35.94549, -69.14803, 33.01814, 163.30082, 11.78189, -36.80431, -172.73594, 120.39421, 11.36931, -160.66214, -82.02734, 17.03661, 23.00402, 45.69418, 60.43193, -43.37687, 67.53959, 134.42521, 175.03896, 5.24887, 146.91112, 88.10873, -15.45802, -14.86557, 1.21285, 1.18380, 96.38578, 8.98798, -77.24270, -36.06271, -124.90346, 22.42177, 21.34413, -27.87027, -34.66147, 134.81802, 128.90327, 77.13065, 74.93860, 27.86280, -77.19119, -161.38915, -99.93140, 4.06005, -53.94713, -18.84907, -174.03795, -93.46140, 20.80388, -78.98013, -131.72355, -72.90761, 24.73479, -63.41887, -149.95962, -155.55905, -80.43375, 32.78655, 7.11064, 26.91529, 75.84865, 179.59465, -146.88724, -176.09377, 155.28917, 49.77311, -32.51049, -31.47282, -7.67185, -89.86905, 23.53515, 
 | Execution: 28 Overall Best: -50.7138 -> -100.3677 GPU Time (s): 2.12298853 and HJ Time (s): 54.28490210
 +==============================================================+ 
 | 29 -- Promising region found with value: -44.253761.
 | HJ uses 150105 / 150000 iterations [0.000696198609130886550237782284].
 | 29 -- Conformation 
 | 19.05595, 77.86076, -94.97053, -41.54856, -5.74498, -95.11472, 61.18539, -53.93854, -101.78837, 29.11074, -39.31629, -111.12126, 116.52411, 0.13888, 39.42383, -40.48149, -82.37516, 13.52365, 26.71202, 12.58160, -6.81110, 15.17512, 6.99866, 33.21329, 104.50415, -2.55456, -2.92110, -100.52042, -37.88276, -106.43262, 103.23943, 37.36948, -87.08175, 2.10921, -10.15291, -5.99655, 2.44536, -2.75741, -15.80340, -3.65897, -9.08036, -4.23313, 51.22507, 125.09604, -80.71369, 41.32348, -142.69993, 67.41683, -89.49455, 62.21367, -41.85411, -122.82443, 39.70636, -86.97623, 17.34908, -15.11842, -179.34614, 54.76254, 9.56425, 122.92789, 16.05743, -10.16571, -31.38813, -168.16725, -176.83112, -88.57325, 30.62221, -72.61465, -19.89783, -24.33585, -92.56507, -22.29257, 124.89112, 8.70990, -28.78766, 3.76324, -51.14614, -20.39690, -119.68584, -55.13941, -10.12654, -40.76683, 22.28253, -120.55184, 61.07640, -7.53828, -122.39063, -5.18900, 68.05460, 115.22812, 172.16496, 40.94417, 22.07910, -18.18538, 172.54036, -5.32738, -25.60261, -22.34720, -167.86072, -42.85852, -120.87676, -38.84729, 33.36987, 2.17059, -112.85141, -140.63338, -172.86633, -117.27373, -7.59778, 11.36655, 29.79833, -75.33103, -42.30432, -175.14026, -139.18482, -149.37573, 4.71406, 155.10256, -123.81295, -145.00868, 171.03367, -130.15963, -28.04107, -55.41629, 48.23595, -63.03417, 41.75472, 72.19006, 123.89976, 13.13005, -111.12038, 177.06751, 17.58966, 46.34906, 59.67640, -145.16757, 24.93066, 107.08877, -12.65729, -37.34731, 68.33727, 52.63174, 133.28484, -130.49405, 171.89513, -26.74840, 84.06710, 8.55510, 47.55595, 118.92398, 149.30317, -6.30516, 0.43275, 46.76119, 70.04635, 13.38749, 72.90950, -8.42663, -132.91860, -125.90126, -156.92958, 157.62807, 173.87649, -49.85057, 15.28957, -61.08571, -145.13011, -74.73036, 150.51588, 14.58033, -170.14100, 
 | Execution: 29 Overall Best: -44.2538 -> -81.8002 GPU Time (s): 2.19873584 and HJ Time (s): 54.19888186
 +==============================================================+ 
 | 30 -- Promising region found with value: -46.654770.
 | HJ uses 150013 / 150000 iterations [0.000773554010145429500264202538].
 | 30 -- Conformation 
 | 34.74069, -1.30100, -2.29920, -12.37679, 0.76946, 0.93581, -3.23032, 0.39229, 1.21720, 12.28304, 122.32544, 64.47284, -43.29799, -0.22653, -67.52723, 35.22184, -34.33696, 32.74430, -35.97564, -36.09916, -17.81575, -0.63558, -3.01568, 5.78046, 10.29714, 53.79174, -4.07330, -65.06956, 31.89046, -33.42945, 20.27897, -44.77572, -5.92752, 31.11872, 0.20442, 0.72412, 0.00438, -0.03522, -0.03543, 0.30646, -0.56605, -0.24947, 19.29032, 10.67657, 5.71101, -122.86930, -7.24753, 31.08197, 71.74927, -63.46275, -42.94703, -32.51258, 16.27234, -0.40305, 53.54919, -24.82886, 0.75859, 15.00383, -130.17780, 45.38814, -15.51045, 10.51176, -20.01024, -11.06501, -13.30082, 3.36277, -11.29636, -77.69233, -14.64209, -9.22718, 20.28553, -36.48309, 28.99006, -1.09374, -10.37543, 2.82595, -0.56336, -4.25180, -1.43854, -5.49264, -21.36397, 5.19694, 21.87471, 77.41587, 12.45269, -73.64914, 102.87209, 66.35488, 26.22104, 139.17933, 105.12739, 108.21543, 8.57835, 63.53876, 50.01084, -10.69423, 25.22524, -14.78032, 87.47060, -24.76054, -32.18484, -2.08772, -175.79497, -150.51965, -154.80212, -103.84631, -140.60237, -85.28547, 19.45905, 37.37570, -12.17426, -131.68570, -14.06184, -3.71035, 19.68803, 142.93150, -4.13365, -72.30094, 36.02808, -3.28000, -47.70115, 53.29991, -48.88052, -55.34716, 46.16258, -65.44095, 36.59503, 47.14127, -1.02982, -85.15561, -3.44376, 34.51373, 55.32838, -51.56348, -3.45592, -67.98409, 178.89357, -130.46435, -173.42180, -153.82929, 12.32807, 66.46042, 33.18559, 37.42862, 29.91205, 22.03666, -89.31117, 5.22550, -9.08222, -111.04853, -150.40823, 153.95501, 11.02921, 14.90811, 33.54958, 5.26506, 31.99819, -175.94595, -86.33811, -9.04420, 38.29345, -62.57246, -30.29022, -55.25005, -74.08060, 11.40940, 98.84519, 142.41987, 7.54281, 57.46748, -29.29268, 
 | Execution: 30 Overall Best: -46.6548 -> -65.2615 GPU Time (s): 2.49873926 and HJ Time (s): 53.38526797
 +==============================================================+ 
 |                     EXPERIMENTS RESULTS                      | 
 +==============================================================+ 
 | Objective Function:
 | 	 mean:         -8.42258529663085937500E+01
 | 	 std:          +1.16637105941772460938E+01
 | Execution Time (ms): 
 | 	 mean:         +2247.075
 | 	 std:          +166.751
 +==============================================================+ 
