(base) matz@matz-desktop:~/Documents/3DcuHjDE$ ./demo -r 30 -p 100 -o 2EWH -e 650000 -j 150000
Optimizing sequence: AABABAAAAAAABBBAAAAAABAABAABBAABABAAABBBAAAABABAAABABBAAABAAABAAABAABBAABAAAAABAAABABBBABBAAABAABA
 +==============================================================+ 
 |                      EXECUTION PARAMETERS                    | 
 +==============================================================+ 
 | PDB ID                                   2EWH
 | Protein Sequence [98]                   AABABAAAAAAABBBAAAAAABAABAABBAABABAAABBBAAAABABAAABABBAAABAAABAAABAABBAABAAAAABAAABABBBABBAAABAABA
 | Number of Executions:                    30
 | Population Size:                         100
 | Number of Dimensions:                    191
 | Number of Function Evaluations:          650000
 | Optimization Function:                   3D-AB
 +==============================================================+ 
 | Structure (A | S1)
 | 	 Number of Threads                        32
 | 	 Number of Blocks                         4
 | Structure (B | S2)
 | 	 Number of Threads                        192
 | 	 Number of Blocks                         100
 | Structure (C | S3)
 | 	 Number of Threads                        128
 | 	 Number of Blocks                         100
 +==============================================================+ 
 | Number of Dimensions:        191
 | Protein Length:              98
 | Protein Seq:                 AABABAAAAAAABBBAAAAAABAABAABBAABABAAABBBAAAABABAAABABBAAABAAABAAABAABBAABAAAAABAAABABBBABBAAABAABA
 | Rho:                         0.900
 | Epsilon                      0.000
 +==============================================================+ 
 | 1  -- Promising region found with value: -66.958328.
 | HJ uses 150324 / 150000 iterations [0.000411098316705697298424626585].
 | 1  -- Conformation 
 | 45.40636, 25.86440, -52.25270, -89.54031, 65.58911, -5.56531, -133.83791, -127.03394, -10.90362, 133.21238, -3.44895, -0.18153, -4.40012, -16.12847, -86.25972, 3.30309, -29.07993, 107.68510, -142.72262, -11.90694, 34.09703, -13.96038, -45.90998, 2.16280, 72.20846, 174.49348, -149.55304, 44.40112, 110.96113, -11.89165, -36.10136, -11.04560, -160.87128, -21.20050, 159.26546, -114.25989, 9.42983, -161.30254, -32.42231, 86.09071, 178.07276, 4.69093, 157.70919, 18.76974, -36.00643, 9.30334, 114.66783, -8.19386, 32.42276, -111.72990, -11.41396, 2.53004, -120.04287, -3.47245, 29.45999, 83.09757, 27.10454, -0.19167, -142.26069, 74.41003, 9.49320, -114.87603, -58.17703, 2.42272, -16.46613, 43.84328, -52.80841, -161.81670, -41.17443, 50.79504, 7.70133, 15.35358, 31.61082, 135.93016, -82.46248, 34.07072, 104.92135, -114.33036, 62.17701, 25.67650, -112.05823, -87.99848, 26.54701, -7.39435, -16.81774, -56.87838, 17.83563, -3.37034, 19.35026, 10.54485, -83.04480, 38.48198, 100.08563, -8.62531, 28.56550, -78.99070, 113.64490, 129.42316, 9.17853, -120.68363, -17.06267, 115.06981, 1.34190, 32.66029, 25.88045, 104.54233, 119.57759, 18.35598, 34.94033, 37.06029, -36.92476, 73.41959, -11.71283, 53.43283, 63.01880, -45.08087, -56.00760, -1.70373, -131.53356, -15.05447, -177.44209, 167.53433, -3.79852, -30.02823, -74.88184, 36.06258, -3.12498, 67.95666, 69.30416, -2.50831, 21.76169, 172.43775, 24.53922, -170.67240, -73.15745, 22.56340, 149.70920, 23.06503, 32.54549, 38.13053, -69.37566, -32.81812, -11.93882, 25.65059, 32.14788, -3.59386, -8.63562, -149.44573, -0.34106, -70.47382, -60.95085, 170.86428, 144.49000, 160.30738, -11.45718, -178.75745, 43.63254, 173.95645, 164.19802, 48.81991, -0.95119, -169.15795, 45.31353, 24.08202, 146.41205, 73.36510, -38.69992, -1.95945, -59.91399, 0.18746, -179.59415, -145.51055, -156.60804, -43.40413, 57.16527, -176.71833, 67.76022, 28.77521, 65.15501, 62.34784, 4.80292, -133.85721, -154.33330, -131.44409, -55.60827, 24.84016, -179.35784, -31.82866, -87.21051, -17.64822, 47.30223, 
 | Execution: 1  Overall Best: -66.9583 -> -141.7879 GPU Time (s): 1.25159424 and HJ Time (s): 67.25942922
 +==============================================================+ 
 | 2  -- Promising region found with value: -88.245743.
 | HJ uses 150250 / 150000 iterations [0.000507528786056416392376278157].
 | 2  -- Conformation 
 | 164.23928, 5.26383, 25.20338, 11.66089, -109.66343, -13.33309, 170.18534, 52.22933, 50.47074, -12.40060, 133.43350, 7.53037, 78.22824, 130.80840, -89.33642, 17.22874, 39.33201, 7.73447, 61.08056, 39.62921, 41.66307, 134.64621, -14.09222, -58.33213, -82.59237, 23.11176, 1.33214, -5.99729, -23.97198, 22.90353, -3.83172, 9.13529, -10.12611, 16.59569, -38.01384, 117.52085, -56.79893, 152.53044, 126.90645, 176.19698, -56.25921, -39.30889, 107.86647, 87.04435, 30.82976, 165.91730, 54.93873, -0.64681, -35.87264, 64.04638, 42.41250, 120.52208, 18.12563, -47.55144, -8.38379, -147.36760, -33.65406, -9.06798, 36.64851, 64.75545, -174.29152, 66.76772, -56.43871, -114.60549, 122.28684, -7.89195, -6.81934, 69.48723, 177.48025, -8.31691, -94.89123, -28.07154, 134.91135, 45.49631, -43.32849, -179.24406, -164.62187, -4.36576, 133.97640, 86.49736, 35.73830, -23.95989, 50.55944, 6.28991, 6.95437, 45.34126, 119.04674, 16.24434, -46.03553, -77.30335, -14.51306, 39.21085, 161.83118, 46.66672, -87.75486, 11.08588, 65.76449, 142.72078, 29.41451, -155.09718, 70.57024, -6.12825, 48.61837, -64.94021, 167.15120, 27.85313, 97.45419, -166.47801, -159.55795, -27.97012, 20.03372, 130.53909, 6.77193, -29.74369, 29.69491, 143.53885, 16.71009, -155.24959, -25.30712, 56.32316, 105.56045, 57.60831, 32.88319, -37.03195, -122.32410, -102.97655, -7.66449, -121.52239, -131.06786, -2.47913, -174.40199, 52.53294, 23.22286, -9.86652, -9.75403, -108.27573, 5.83225, -116.18283, 0.22201, -14.06862, -34.78024, -167.17751, -26.58739, 21.44819, -53.54266, 48.51204, -2.28844, -147.82842, -115.99686, -115.41777, -5.30495, 27.07872, 39.95947, -1.53452, 7.48839, -51.99415, -165.44887, 12.38413, -12.10205, -27.00116, -78.93922, -134.72348, -11.83473, 145.41321, 132.89899, -171.85135, 23.18187, 139.62999, -138.90192, -45.99114, 115.24108, 173.87770, -109.13369, 16.34441, -97.42843, -5.34872, -150.36464, 2.60015, 59.49556, 160.84193, -165.53018, -9.18316, -126.67495, -33.71792, 19.61324, -20.54333, -11.65957, -20.68503, -168.72233, -19.21623, 92.65081, 
 | Execution: 2  Overall Best: -88.2457 -> -164.6759 GPU Time (s): 1.23888538 and HJ Time (s): 67.40830278
 +==============================================================+ 
 | 3  -- Promising region found with value: -104.902908.
 | HJ uses 150105 / 150000 iterations [0.000773554010145429500264202538].
 | 3  -- Conformation 
 | 27.79134, -84.29652, 1.67096, 61.37006, 43.33317, -27.38898, 1.82696, -52.47988, -116.15489, 23.42835, 11.36509, -42.20330, 37.45556, 10.44287, 24.45173, 83.62000, -20.13375, -85.70925, 26.35470, -20.76621, 40.61734, -147.93176, 91.69367, 44.77848, -51.88384, -13.37578, -2.81777, -1.28196, -3.78650, 1.75615, -54.56019, 16.60497, -0.89735, -60.52373, -103.89412, 19.32461, -1.58048, 15.45992, -137.94222, -0.03552, 20.90860, 5.02343, -117.37408, -103.46944, -72.74854, 69.21882, 31.79603, 72.74255, -27.23418, -28.83712, 28.74727, -27.50123, 43.78557, -146.49861, 4.02694, -26.23455, -84.62250, 21.08121, 8.48331, -37.31389, 140.75349, -13.18678, 13.81757, 20.53635, -92.11107, -10.27776, 100.52318, 11.36158, -79.53495, 48.42169, 12.44714, 16.28536, 24.30542, 0.27074, -81.73826, -1.05558, 1.90926, -3.90997, 26.44959, -25.75252, 20.94973, -3.56688, 17.71991, -29.85078, -2.33428, 0.30295, 7.27321, 4.55156, 10.31489, -0.65635, 18.29794, 72.47303, -27.46495, 0.32493, -31.32592, -96.59096, -3.23391, 77.28527, -171.69259, -152.28188, 13.46609, -49.61134, -179.07286, -17.05560, -100.95736, -125.90061, -146.37173, 10.43434, 60.60705, 111.79249, -4.71101, -8.03370, -6.34494, 30.38298, -16.97488, -169.92664, 4.04760, -155.74212, -25.18294, -171.08417, -119.11625, -142.40860, -102.64034, -69.84661, -1.59060, 129.22560, -1.40112, 39.88440, 59.32051, -42.74628, -118.07483, -83.53757, 8.65621, 140.94869, 109.07813, -5.53560, 106.59718, 52.41382, -59.93567, -27.35347, -28.72367, 46.24618, 1.46670, 55.57879, 167.65956, 123.92595, -159.78221, -57.03318, -48.30110, -78.88319, -141.61595, 112.85704, 37.00208, -70.67216, -115.64739, 48.93500, 102.64544, -11.58887, -5.85559, 11.47427, 115.40277, 21.61392, 15.13215, -3.50313, 162.82352, 104.64455, -7.19402, 24.13310, -86.46214, 23.66792, -133.50001, -64.42950, -176.99721, -136.81338, -77.48582, -23.77922, 91.90133, -0.09604, -15.73885, -117.43445, -93.19565, 10.58845, 61.93066, 6.14720, -1.69515, -114.35219, -29.90059, 114.42464, 89.50391, 80.05887, -27.51526, 
 | Execution: 3  Overall Best: -104.9029 -> -153.4739 GPU Time (s): 1.39879932 and HJ Time (s): 67.08746195
 +==============================================================+ 
 | 4  -- Promising region found with value: -99.241272.
 | HJ uses 150119 / 150000 iterations [0.000773554010145429500264202538].
 | 4  -- Conformation 
 | 81.92438, -34.36200, 11.30669, -77.10042, 4.29581, -55.15650, 4.40393, 12.53285, 23.47325, 144.46902, 14.22747, 14.10760, -0.68227, 5.41539, 38.32591, -31.41040, 48.07570, 15.49196, -30.15336, 89.73022, -87.77230, 100.00376, -54.04598, 69.73481, -165.40467, 165.82977, -105.96087, -7.13495, 20.75016, 85.71607, 57.94399, -15.07528, -71.64174, -18.69135, 53.84569, 97.43959, 67.25514, -55.43603, -98.17019, -16.63869, -120.49367, -8.00144, -2.83529, 20.11147, 45.05801, -2.31148, -31.67454, 13.02897, -31.59865, -64.83262, -167.92360, -147.05152, 16.78425, -162.79971, -17.51402, -80.67433, -7.85002, -6.57586, 12.04742, 7.39212, 67.38891, 22.13087, 17.97397, 1.69714, -13.48145, 67.62439, -12.92619, 56.28506, -21.48377, 115.38574, 57.46903, -56.74857, 67.74056, -18.10005, 4.21575, 84.82509, -92.60817, -102.30785, 78.20067, -47.03115, 7.55502, 121.10546, 1.91604, -54.93919, 26.90041, -23.19574, 38.91911, 0.91092, 0.97915, -33.60190, -134.23698, -0.31404, 28.61015, -52.47206, 10.74519, 123.02143, -27.71333, -123.23439, 27.24944, 9.50087, -7.19251, -150.10533, 102.18607, 33.15410, 4.72325, 106.10725, 64.54827, -44.35531, -48.40726, -88.14423, 22.12578, -30.21375, 81.14610, -162.10543, 43.69044, 22.34018, -170.66689, -13.38994, 67.71544, 9.94071, 15.23385, 166.97156, -16.09315, -32.96807, 2.61154, 119.30647, 130.93803, -1.33571, -41.95147, 49.63627, 23.67834, -36.08067, -56.16509, -1.33449, 42.72661, -2.70432, -98.25291, -36.04529, 74.90974, -24.70088, 87.75937, 112.72208, 168.25837, 132.19328, 12.02283, 18.30194, -55.64938, -69.31118, -44.40619, -16.29763, -38.48146, 161.67795, 76.56812, 13.82859, 82.29274, -28.57324, -31.92501, 80.30035, 19.87833, -92.59499, -115.02725, -68.05285, -0.29746, 96.15583, 44.66665, -7.33994, -1.68963, 153.45996, -51.71104, -46.74803, 37.59250, 177.09808, 63.17918, 176.05588, -35.78487, -6.28017, 26.93517, 23.59499, -3.56678, 156.79782, 177.58859, 48.25652, 0.82323, 36.83898, 31.62112, -21.31316, -104.54316, 11.04997, 35.26942, -3.54412, -1.24610, 
 | Execution: 4  Overall Best: -99.2413 -> -156.6530 GPU Time (s): 1.36283240 and HJ Time (s): 67.11620021
 +==============================================================+ 
 | 5  -- Promising region found with value: -63.907013.
 | HJ uses 150065 / 150000 iterations [0.000299690672878453394194220305].
 | 5  -- Conformation 
 | 11.12674, 128.34982, 34.98700, 150.54445, -14.77415, -81.86601, 42.20040, 146.47779, -2.84699, 82.27769, 93.96792, -44.55768, 31.20043, -64.58799, -131.92247, -171.13102, 96.54675, -56.22287, 28.16202, -123.65759, 178.55009, 14.39161, -80.17873, 39.33765, 34.00242, -27.04423, 54.47816, -30.91280, -145.57826, -16.95410, 58.04867, 55.58344, -2.40504, 29.83813, 92.84543, 35.71219, 7.02515, 1.93155, -19.79551, -38.44505, 26.50368, 129.52290, -118.47886, 0.98347, -56.70370, 64.02648, -63.34510, -29.24953, -2.20755, -49.67787, -8.83794, -6.23359, 43.52469, -165.04168, 0.34353, 28.93138, -7.59469, -51.15094, 0.04200, -8.72693, 8.67011, -3.96213, -62.49914, 60.47158, 34.98505, 16.30477, -14.18963, -1.10502, 5.64552, 44.26482, 51.90197, -69.40521, 12.88915, -59.74296, 3.76600, 16.11367, -112.78032, -9.14417, 15.76126, 17.68625, 130.53189, 19.33093, -53.65626, 4.71900, 1.25472, -1.09744, 4.42798, 0.09655, -0.48364, 58.06928, -63.35619, 54.07176, -32.08815, -166.85587, -44.42698, 21.94866, 28.14814, -9.38544, 43.87049, 145.31500, -6.66118, -135.46586, -24.20179, -33.56983, 50.42272, -29.16740, -166.38532, 118.26546, 45.71746, 34.37622, 158.05848, -173.73202, -118.98458, -174.05759, -20.55506, -163.89265, 65.59826, 8.79302, -57.36772, 17.05238, -5.98088, 7.65186, 153.93998, 36.66645, 70.46635, -27.17813, -2.67437, -140.79943, 154.84589, 6.19574, 39.14616, 1.58652, 101.92587, 57.09906, -2.27495, 150.84845, 29.57034, 39.43662, -0.17735, -5.30962, -30.78169, -178.81791, 124.73440, 59.97261, -45.41235, 51.47652, 116.55400, 131.77740, 0.82897, 90.50033, 58.87824, -50.58803, -7.82525, -90.15657, -98.59825, 148.18132, 90.63164, -17.55095, 138.20230, 20.14082, -45.78773, -13.35341, -19.69397, -21.17045, 21.23228, -3.14920, -44.97589, -160.60115, 29.40696, -78.48609, 168.63069, -48.07860, 19.26355, 99.42059, -10.47406, 173.13733, -158.42701, -3.51566, 7.08316, 108.27990, 101.93816, -0.91830, 53.03690, 101.31327, 48.66167, -1.37645, 124.17302, -149.99748, -45.33841, 178.18619, 13.16612, 
 | Execution: 5  Overall Best: -63.9070 -> -135.1257 GPU Time (s): 1.23840405 and HJ Time (s): 66.80543804
 +==============================================================+ 
 | 6  -- Promising region found with value: -79.473633.
 | HJ uses 150219 / 150000 iterations [0.000369988485035127590266207376].
 | 6  -- Conformation 
 | 17.34617, 21.28225, 13.61525, 179.69818, -38.03995, 45.18339, 152.60491, -133.39443, 98.51556, -85.80823, 22.97594, 6.69852, -63.31226, 59.22455, -0.48348, 2.63762, -51.11416, 30.85982, 60.98498, -72.82866, -130.37544, 8.35228, -175.33144, -54.33881, -42.43179, -4.68491, -18.66355, -12.02631, -90.91314, 26.27064, -9.95588, -106.82197, 167.30495, -90.42980, 29.64679, 14.63986, 11.07284, 25.59145, -8.88985, -40.57499, 127.42019, -20.28928, 1.96612, 92.63425, 51.71007, 27.24905, 80.13709, -120.89925, 12.58765, 78.20167, 179.91644, -102.23084, 7.69346, -20.61054, -160.24547, -125.24678, -70.92185, 174.68509, -18.95354, 49.47728, -44.37411, -83.04921, 10.24132, 55.46616, -157.55249, 2.69244, 143.39171, -29.97391, 138.88886, 61.64888, 74.10768, -0.91871, 64.09551, -146.05475, 140.90111, -128.74911, 14.43708, 42.77920, -5.60257, -59.58878, 39.64383, 116.69452, -170.31881, 3.48035, -163.90557, -14.19886, 61.06687, -34.76605, -121.48530, 12.59783, -161.24075, 87.66411, 17.38744, -127.56637, -2.86472, 5.14777, -112.93241, -73.69404, 6.54700, 115.87212, -152.30182, 160.01830, 23.89660, 19.72790, 49.70952, 122.27606, 175.62377, -60.15813, -46.29828, -133.60028, -25.15261, -158.73221, 71.97487, 5.30704, -142.12358, -2.33408, 102.17524, -5.26979, -30.80281, 64.12724, 143.03784, -165.37676, -153.15207, -156.73291, 11.62820, -104.53363, -56.72485, 30.99904, 141.13853, 113.52491, 81.11676, 130.38697, -136.61039, -83.46733, -6.39546, -117.81298, -124.50185, -140.67652, 41.81750, -52.87005, 56.08111, 129.38805, 7.54752, 171.39482, -3.67212, 27.43931, 151.40392, -24.09692, -75.63481, 148.79717, 167.55247, -70.86937, -12.13038, 123.54495, 58.66195, -152.58320, 145.24225, -144.27362, -106.63465, 170.32301, 35.15199, -171.17987, 75.31267, 15.52579, 19.11874, 32.40459, -157.93167, 179.74358, -112.64606, 14.60136, 15.72695, -176.70094, -57.81996, -8.44196, -106.98646, -19.62534, 135.40198, -141.17348, -83.63888, -7.61169, -174.84408, -0.75761, 142.68332, 9.94692, 107.50133, 146.66083, -17.19652, 157.74855, 14.08269, 92.05197, -21.30294, 
 | Execution: 6  Overall Best: -79.4736 -> -155.0017 GPU Time (s): 1.23227747 and HJ Time (s): 67.14783216
 +==============================================================+ 
 | 7  -- Promising region found with value: -71.664200.
 | HJ uses 150234 / 150000 iterations [0.000369988485035127590266207376].
 | 7  -- Conformation 
 | 92.32661, -72.40310, -158.30433, 127.21428, 16.09842, 11.94391, -42.44672, 25.82949, 13.68680, -62.09206, 11.39131, -5.16545, -54.56050, -96.56581, 55.50699, -38.64685, 93.18226, 168.60522, -37.32960, -27.61511, -32.47157, 74.67738, -88.24283, 30.26908, 92.63518, 7.00815, 4.33318, -5.50386, 19.27340, 19.74606, 157.27759, 28.73786, 25.05627, 35.14996, 109.87086, -64.10106, -66.22432, 18.23018, -34.74121, 88.31450, 37.88719, -102.18506, 52.16469, 73.52991, -7.38702, -5.45798, 115.51116, -60.12505, 14.26486, 44.13292, -70.33749, 0.61498, 45.43922, -150.23439, 47.03080, -74.37015, -17.29489, 24.34813, -156.23252, 85.85844, 1.34067, 85.56867, 148.46434, -13.10776, 126.53642, 19.13917, 91.58871, -38.78403, 117.71752, -89.88336, 10.78141, 30.84462, 88.49587, 29.38173, -111.96214, 51.70601, -18.57168, 2.70996, 6.19618, -6.03267, 30.16431, 2.61719, 9.63098, 33.81480, 168.09620, -164.07587, 1.76940, -59.26327, 37.32137, -74.73872, -83.64537, 114.08507, -56.42495, 104.30336, -31.21066, -16.55038, 63.94759, 24.92770, -161.05899, 32.78511, -76.60765, 28.82820, -170.58204, -58.66095, 33.54402, -4.95092, 28.67460, -44.67697, -10.90141, 125.36231, -154.97902, -153.74140, 27.73063, 34.24123, 49.61088, 162.77659, -36.39254, -177.86819, -148.35235, -94.50402, -51.59120, -141.45160, 134.69680, -126.52576, 171.17337, 136.48276, 153.72045, 38.13312, 1.57033, -137.74762, -27.02793, 1.12128, 112.78344, 142.27225, -3.86221, 107.47697, 7.63561, 110.22823, -1.29948, 154.59433, -90.43833, 8.45614, -131.73279, -132.76774, 120.49247, -20.08418, -27.85292, 27.66475, 178.91733, 109.15920, 145.28204, -104.10237, -99.58217, -103.35519, -42.26711, 45.97655, 107.27548, -17.18324, 178.63159, 124.21521, 11.99773, 79.61340, 62.87371, 98.78433, 0.28079, 116.24490, 0.54795, 4.35916, 48.76671, 9.57485, 57.26827, 17.33835, -96.90559, -109.92203, -110.59349, -79.32084, 17.11040, -85.45713, -65.42798, -12.32313, -14.13594, 86.51921, -0.45799, -132.49469, -29.54553, -2.00709, 153.39494, 142.33552, 0.89713, 95.90810, -16.79867, 
 | Execution: 7  Overall Best: -71.6642 -> -166.3257 GPU Time (s): 1.23722339 and HJ Time (s): 67.63547397
 +==============================================================+ 
 | 8  -- Promising region found with value: -68.433929.
 | HJ uses 150089 / 150000 iterations [0.000626578748217797862687938881].
 | 8  -- Conformation 
 | 44.39246, 60.17355, -41.88794, 74.56142, -79.50403, 23.40783, 60.64714, 15.96363, -100.90009, 49.95853, 159.81540, 156.73575, 1.90519, -13.32877, 29.34160, -87.18127, -11.44756, -154.43400, -31.08151, -172.57966, -47.78189, 140.37429, 89.46533, -83.90048, 23.20142, -54.53310, 30.64632, -172.05009, 36.12868, -1.32552, -68.44336, -98.87725, 161.56137, -102.24186, 102.42551, -44.98208, -143.14142, 45.16085, -26.47041, 29.28475, -49.10366, 69.34505, 72.25475, 85.01168, 15.93419, -78.01783, -9.89189, -47.02356, -61.32165, 86.13110, 26.75988, 90.70577, 12.09563, 16.92824, -29.33381, -15.21843, -38.30856, -0.53549, -19.11992, 1.96718, -86.53349, -23.02838, -11.65691, -149.70338, -20.27422, -154.39378, -111.05579, -54.86061, 43.32996, -17.41675, -116.34512, 147.24061, -22.82945, -81.04909, 30.58283, 22.96335, 23.90790, -40.73537, -80.83633, 32.38330, 33.44782, 129.81344, 24.58684, 40.20396, -9.56692, -3.48094, 3.59999, -0.58235, 179.46111, 40.74174, -69.03949, 96.88275, -21.82910, -35.36426, 42.92992, 8.17002, -3.26402, -8.40097, -8.84077, -136.09467, 178.12591, 56.51344, 155.53776, -176.57787, -123.05940, -9.11909, 50.19302, 62.16773, 21.06724, -3.75352, 58.01693, -30.95525, -26.43247, -19.80763, 176.86219, -129.43116, 27.42302, -25.77474, -38.87557, -141.30468, -123.20720, -41.78438, 169.40246, 68.07733, 175.64038, -8.27438, -46.71992, 140.26915, 127.54507, 166.23695, 44.47731, 125.30963, -42.02068, -139.90015, -97.37121, -150.05052, -25.16608, 2.67228, 117.43162, 107.81249, -27.20193, -55.82626, 41.14264, -34.73354, -25.32381, -54.57870, 13.31633, 134.71201, 107.86133, -11.34346, -1.71559, 115.61555, 170.11165, 55.15539, 77.05837, -157.88867, -102.39052, 8.24365, -144.61384, -169.09226, -28.53440, -125.88351, 177.64273, 62.53716, 41.56678, 134.73705, -41.24249, -53.39582, 175.29177, -163.43300, 134.91157, 113.80893, -14.84053, -25.95141, 102.57377, 37.14419, -128.06209, 27.25432, 29.91459, 151.05576, 105.57360, -151.47160, 120.03668, 143.86834, -2.34077, -1.06308, 173.60730, 154.85353, 148.81487, 50.34176, -58.74566, 
 | Execution: 8  Overall Best: -68.4339 -> -147.9947 GPU Time (s): 1.21342871 and HJ Time (s): 67.17966604
 +==============================================================+ 
 | 9  -- Promising region found with value: -73.876007.
 | HJ uses 150042 / 150000 iterations [0.000507528786056416392376278157].
 | 9  -- Conformation 
 | 29.86304, 32.97902, 83.28086, -175.83267, -7.45378, 91.66651, 8.94403, -30.09195, -161.48060, 177.68464, -178.12734, -29.45044, 13.21152, -170.66923, 16.68863, 13.40141, 129.45776, 9.29141, 136.98878, -4.64067, 171.03054, -40.96953, -92.75812, 147.43518, 21.27851, 2.94396, 167.09734, -2.97123, 107.08768, -136.91635, -58.91643, 71.28071, -34.66879, -5.66741, 54.34423, 57.82698, -53.69338, 6.54018, 14.61290, 100.67228, 168.03035, 89.75228, 61.22211, -12.73774, 52.69465, 83.48671, -8.59917, 100.05923, -155.83564, -7.31654, 150.78949, -1.34639, 50.06193, -50.95288, -1.57788, -119.02285, -26.42520, 52.55848, 155.51608, 11.79926, 125.64087, -13.28921, -84.75437, -139.98495, -56.60820, 7.37747, 0.90887, -2.34782, -1.38682, 18.86526, -9.76767, 63.58701, 1.97952, -24.14364, -86.82211, 159.31106, 133.52671, 4.09215, -74.16870, -60.49068, -74.21267, -13.96098, 68.88339, 18.83605, 9.62581, -2.65031, 9.89649, 14.27865, -136.37635, 30.70066, -30.74393, 39.86119, -38.90318, 63.57408, 30.10616, -93.19896, 112.35435, 128.58518, -39.88950, -135.01470, -31.19712, 57.39887, 84.63889, -22.16913, -53.45968, -23.56178, 166.51886, 58.25265, 174.96861, -33.56895, 79.45471, -14.46628, -20.76178, 178.52368, 37.52158, 26.77327, 178.91477, 149.21839, 179.42079, -86.00513, -22.17233, 118.88733, 37.59116, 148.41028, 32.80783, -152.45112, -148.45237, 164.58961, -178.41151, 41.51370, 21.10271, -155.69617, -30.72078, -32.09631, -0.84417, -156.26819, 100.47361, 30.11982, -65.21792, -55.71235, -175.10224, 38.43577, 150.47584, 136.15968, 82.50797, -1.36581, -126.62449, -121.12929, -57.52676, 177.39527, -48.83155, 31.42284, 70.96151, 18.29017, 132.56053, -171.58791, -5.40197, 166.26932, 114.02657, -23.85945, -78.66512, -0.71343, -88.55466, -175.26200, -103.10614, -33.05174, 165.92793, 100.22852, 146.14387, 5.50247, -35.35946, -52.58881, 3.38877, -44.25070, 68.35861, 28.42656, 176.80541, -172.17284, 170.13359, -85.07126, -127.34827, -20.25414, 38.39650, 171.81940, 2.81190, -28.43322, -118.75184, 159.78220, 10.17329, -0.67532, 50.99090, 
 | Execution: 9  Overall Best: -73.8760 -> -152.4424 GPU Time (s): 1.24404529 and HJ Time (s): 67.19581580
 +==============================================================+ 
 | 10 -- Promising region found with value: -111.366989.
 | HJ uses 150211 / 150000 iterations [0.000696198609130886550237782284].
 | 10 -- Conformation 
 | 48.81201, 35.75142, 169.38971, 102.24354, -1.33271, -44.05156, -130.71444, 0.79366, -174.19386, 60.41692, 76.24807, 18.98156, 62.15432, -21.05884, -9.46936, 83.87497, -23.00299, 57.37011, -2.73343, 14.77278, -82.55163, 35.42795, -115.39594, 6.62395, -139.59426, 58.89539, -6.80027, 137.39467, 110.78179, 104.72536, -141.29410, 1.86895, -89.06458, -41.68417, 40.38637, 77.60636, -3.38626, -173.10253, -126.57292, -109.12520, -8.44775, 48.47441, -72.44096, -23.43855, 28.67655, -97.02953, 1.57186, 34.35640, -26.25992, -136.12732, -32.53274, 47.97963, -1.16989, 0.35364, 37.15151, 40.90551, -35.18363, 77.86557, -132.77621, 11.74580, 88.40738, 46.25975, 133.49100, -9.94220, -46.63659, 72.27863, 49.38769, -61.02149, 26.13315, 83.30812, 64.30564, -63.83370, -25.59523, -13.50929, -43.43393, 29.46027, 34.11043, -67.04352, -31.84264, -54.02571, 49.99316, -13.90670, -8.82194, -25.99850, 47.95226, 106.13477, 36.39254, -7.58082, 61.27770, -77.96259, 7.99043, 1.99518, 19.47916, -39.79829, -1.62516, -59.96834, 111.34152, -4.84302, 170.28834, 41.12618, -66.74239, 20.99732, 77.31594, -147.10246, 37.68312, 69.69636, 52.87965, 161.22667, 89.52476, 153.58919, 65.55345, 48.59565, -38.03727, -111.46292, -30.69533, 40.29539, 156.28304, -2.74502, -29.97024, -146.18624, -71.58015, -100.80754, -76.69026, -53.91008, -13.36169, 0.97809, -70.46052, 25.49260, 39.22621, -50.25684, -52.67876, -108.98923, 20.58757, 34.32547, 48.69711, -3.77599, 117.31897, -11.94295, -146.20033, 148.19194, 164.49749, 63.44269, 1.78098, 32.01378, -6.80200, 58.21357, 26.55066, 96.23607, 74.64894, -35.37803, -20.88870, 111.90170, 148.62974, 33.42881, 157.29569, -37.19193, -35.13136, 45.81273, 74.09156, -37.33741, -28.34846, 58.49633, -169.57227, -43.31016, -30.17084, 39.90046, 7.24994, 33.52857, -79.28624, -14.44366, 123.14282, 153.30850, -143.46885, -56.43838, -170.19462, -77.34995, 27.05083, -76.55723, -135.28682, 4.40351, 20.13731, 172.17847, -98.65812, -7.24003, 130.02790, 39.48532, -18.92677, -133.90773, -148.69198, -85.19413, 25.20344, 
 | Execution: 10 Overall Best: -111.3670 -> -148.7830 GPU Time (s): 1.34269739 and HJ Time (s): 67.16270685
 +==============================================================+ 
 | 11 -- Promising region found with value: -74.600861.
 | HJ uses 150119 / 150000 iterations [0.000859504455717143901229138070].
 | 11 -- Conformation 
 | 14.22252, 88.68380, -33.82296, -9.21039, -169.31790, 124.32907, -55.13122, 14.96493, -66.74006, 39.92858, 18.30450, -124.83746, 40.97415, -141.56026, 28.69802, 91.82292, 54.20487, 22.01614, -89.56869, 64.28125, -78.82376, -43.86521, 72.67479, -60.31801, -36.80613, 3.82518, 59.34461, 40.64573, -157.26530, 173.73625, -121.71836, 93.88861, -3.80990, -72.64776, 5.49392, -18.86759, -68.12295, 19.52816, -30.19763, 144.15364, -85.04019, 47.01243, 100.93041, -126.66249, 133.14530, -19.59974, 38.03280, 20.41500, -167.28440, 87.86953, 9.07239, 7.63542, -21.71542, -76.02839, 26.86500, 19.01828, -22.88403, -10.58473, 30.79363, 1.87922, 56.06755, 29.44861, 17.33942, 68.58673, 5.50651, 58.55420, -15.39695, -42.37143, -3.86259, -29.99930, 158.15287, -89.12607, -30.86302, -154.05719, -94.79843, 137.02113, -22.29525, 64.13529, 96.13579, -68.87566, 32.34105, -49.64486, -43.52638, -0.86539, 18.62423, 107.22626, 0.58389, 79.79837, -9.73443, 11.56973, 121.25857, -153.34110, -42.22102, -24.94552, 159.26069, 68.63794, 157.05839, -12.35486, 102.69942, 11.90025, 36.85189, -101.13740, 25.49127, 47.17375, -17.53755, -3.98617, 147.25645, 135.58441, -3.67714, 163.31803, 17.08615, -93.82203, 156.33662, -6.40357, -177.27467, -121.27738, -98.52118, -144.47916, 74.48101, 165.20963, 123.67277, 38.14796, -32.24415, -75.48662, 0.31991, 145.92369, 62.81081, -20.22486, -74.78222, -107.35837, -154.93930, -148.13230, 13.75122, 31.36324, 144.75316, 88.08220, 28.39906, 67.26430, -10.32055, 11.49686, -76.45171, -112.34830, -0.25650, -159.06233, 159.38753, -21.16419, -8.75985, -62.83932, -134.59237, -124.32582, 165.81529, 40.63616, -26.72988, 16.44376, -0.21350, 128.68447, -163.11043, -177.50614, -131.67204, 5.90200, -23.69205, -20.41609, 56.21531, 134.69816, 122.28065, 48.81923, -11.05268, -30.58065, -16.43836, -160.95850, -150.37949, -25.57741, 63.97309, 43.65825, 22.11515, 104.65716, -155.78259, 99.56113, 22.01424, -51.10932, -64.59723, 6.72785, -26.46505, -175.47715, 114.29881, -32.62897, 9.85608, -28.42579, -51.90707, -149.79131, 137.66827, 
 | Execution: 11 Overall Best: -74.6009 -> -174.8406 GPU Time (s): 1.24542053 and HJ Time (s): 67.18589997
 +==============================================================+ 
 | 12 -- Promising region found with value: -80.007088.
 | HJ uses 150053 / 150000 iterations [0.000456775907450774763980672066].
 | 12 -- Conformation 
 | -3.95859, -41.17385, 43.40279, 97.14527, -5.96610, -96.46939, 8.66909, -40.50696, -100.58912, -89.98643, 8.97934, 23.09163, -37.09120, 14.77675, 171.85331, 21.97061, -62.10158, 45.95719, -13.61150, -33.69754, 42.46254, -73.76407, 84.73959, -30.83805, 63.55489, -10.45458, 31.90431, 84.97892, 8.91492, 6.07622, -41.93970, 36.86655, 30.84575, -137.07221, 8.51930, 67.11421, -75.32909, -23.10887, -55.53314, -120.34669, -3.11648, -31.17599, -174.59903, -57.23058, 1.63518, 0.05252, 12.93345, -27.52211, 84.75186, -66.22887, 43.50604, -15.11727, -38.68828, -56.15799, -35.71242, 62.72866, 123.47100, 52.31040, -14.29662, -145.52649, -24.48378, -155.74209, 32.46855, 83.22972, 77.99774, -75.12532, -37.18261, -4.40951, 60.43510, -54.92544, -73.19899, 59.02145, 12.89386, 103.60947, 12.54000, -12.82565, -98.63924, -74.98755, -52.03943, 89.14519, 42.88009, -99.66230, -38.81902, -23.86079, -18.20582, 10.47376, -7.90364, -131.59535, -11.27784, 26.06443, 137.29080, 34.66253, 83.98247, -2.21103, -69.07385, -50.07535, -118.71675, -135.57806, -0.98868, 112.40331, -159.46295, 94.12906, -168.04204, -20.90067, -133.75970, -150.20953, -94.42796, 10.17770, 35.17601, -160.18092, 66.04999, -17.30191, 64.38769, 153.87164, 74.22502, -29.77133, -119.96031, -29.77159, -2.16760, -161.09686, -53.06553, -54.32978, -32.71234, -91.59008, -93.25250, 156.30108, -6.05620, 105.11221, 15.13802, 94.47602, 175.79441, -18.01391, -131.01873, -159.45272, -165.34710, -151.27990, 97.02803, 15.05602, 12.52131, 146.23258, 35.70135, 70.53872, -173.29125, 37.13862, 26.44959, 4.46803, 37.73403, 9.62418, 29.05419, -24.19067, -125.78824, 8.40382, 13.05423, 61.85947, 157.99934, 166.78431, -6.72424, -178.83867, 119.56427, 4.05595, -134.17318, -146.94493, -151.67227, 177.72828, 28.93022, 58.03806, -0.50279, 82.69640, 25.71709, -70.30240, 39.42644, 171.02840, -74.01162, 1.07861, -62.23701, -54.26171, -4.27670, -137.15821, -154.91342, -50.22219, -103.61417, 152.66789, -59.86275, -43.82725, 4.95043, -14.70826, -54.19589, 178.14028, 178.93629, -119.09137, -5.12287, 
 | Execution: 12 Overall Best: -80.0071 -> -153.6240 GPU Time (s): 1.24971826 and HJ Time (s): 67.67619419
 +==============================================================+ 
 | 13 -- Promising region found with value: -71.877861.
 | HJ uses 150280 / 150000 iterations [0.000411098316705697298424626585].
 | 13 -- Conformation 
 | 72.47495, -73.94711, 9.11542, -67.98962, -59.03918, 156.40244, 30.57934, 138.23551, 21.31220, 50.82354, 80.03457, -141.08997, 119.46336, -103.21566, 28.29126, 130.82994, 152.00755, 46.44491, 75.20879, 94.85987, 16.03594, 28.74317, 20.07904, -45.54387, -33.91635, -87.86712, 14.82532, 82.95087, -49.14023, 99.72128, -32.20481, 52.85299, -54.04709, -51.10742, -148.79379, 5.66470, -42.98043, 34.52272, 2.06397, 79.17065, -53.19791, -119.07107, 119.00062, 52.05704, -24.59798, -44.90185, -76.70831, 53.78914, -9.44749, -118.58560, -39.60851, 49.79223, -31.73396, 67.07165, 143.56570, 80.19638, -53.38638, -63.54698, 67.21912, -81.32964, 139.98901, -58.50902, 57.07316, 33.56449, -98.18206, 0.68604, 6.18949, 30.57702, 47.54399, -3.28173, 0.52259, 75.12319, 7.44048, -101.93916, -34.06110, 14.76190, -42.43675, -164.83303, 2.30168, -87.49420, 24.70049, -95.93378, 16.34417, 8.79934, -32.65612, 12.23740, 132.24349, -55.40783, -2.03621, -23.16851, 40.60156, -152.61095, 155.99191, -8.38209, 74.22064, -15.94165, -61.44657, -151.05994, 20.41360, 6.08046, -104.96043, -11.96096, 35.95976, 90.78454, -8.31059, 33.33503, 169.65663, -154.75651, -28.29053, -142.72707, 160.61452, 47.98092, -137.08479, -172.93218, -157.90449, 19.67020, 9.76287, 107.71638, -146.13039, -93.60940, -62.52496, -12.89426, 57.32779, -162.66058, -68.20438, 140.73825, -13.27957, 53.40600, 23.11855, -175.21622, -32.49361, -21.53345, 176.01494, 132.83586, 167.48728, 142.34149, 168.76953, 45.77068, -169.05309, 68.90099, -39.06357, -34.99715, -19.78206, -40.34717, 13.91883, -4.05041, 64.15479, 165.77990, 2.53086, 5.81926, 26.86757, 20.71888, 5.99349, 116.54428, -9.59617, -45.34429, -166.22049, -173.42891, 164.01303, 147.95101, 15.82026, 107.43711, 43.28344, -39.13538, -1.20950, 60.97607, -34.92954, -100.36737, -21.13758, 170.72620, -173.31915, 165.72684, 161.07537, 22.29588, -111.49532, -50.04170, 0.06452, -51.74924, -99.47296, 2.68997, 2.22068, 54.24588, -142.73593, -38.15866, 6.33767, -131.25751, -123.79593, 131.83792, 66.35937, 147.46712, -134.97329, 
 | Execution: 13 Overall Best: -71.8779 -> -173.2958 GPU Time (s): 1.24601855 and HJ Time (s): 67.66216612
 +==============================================================+ 
 | 14 -- Promising region found with value: -73.644371.
 | HJ uses 150187 / 150000 iterations [0.000218474500528392518838155523].
 | 14 -- Conformation 
 | 10.23036, -54.66452, 117.66990, 35.00834, 36.49101, -93.93806, 23.86150, -28.54586, 138.34528, 75.80117, 17.95633, -20.58464, -110.87958, 12.00340, 43.40406, -60.56091, -33.89837, 143.01824, 144.33883, 127.53239, 145.95806, -62.28276, 53.80212, 145.04236, -46.54717, 25.97980, -17.50009, 0.86180, -30.03388, 103.52533, -59.04033, -1.67102, 10.77803, -20.63568, -152.89673, 21.97303, 53.07826, 148.56393, 9.51464, 52.81991, -78.94712, -140.77656, 148.89144, 42.60256, 12.19756, -37.79648, -105.87274, 7.67143, -13.53966, -46.55837, 11.86795, 1.41467, -21.56914, 53.60425, 20.76268, 128.97578, 30.30510, 2.50150, -37.15531, 108.66785, -5.23333, -39.19686, 3.77235, -115.05569, 32.44540, -1.40101, -0.35466, 76.20975, -11.82218, -15.28504, 12.92412, 58.39229, -6.94990, 41.56972, -93.57801, -78.80062, 48.29746, 112.45253, -0.77911, 91.87214, -43.69025, 158.09748, 4.62410, 11.71404, 5.21352, -85.58748, -36.65876, -36.94458, -2.29758, -105.57520, 172.43609, -150.85122, 37.29848, 47.55506, 36.39601, 25.20341, -155.01041, 31.99757, -62.34980, -164.41013, 3.88588, -38.56237, -99.27875, 29.69517, 176.48844, -159.35834, -109.80369, 168.26519, -3.24238, -23.65824, 105.98633, 100.78395, -167.67981, 141.41725, -162.34075, -47.11297, -139.56665, -27.51584, 58.60288, 21.44474, -15.05378, 83.96500, 164.32593, -162.94534, 36.99798, 29.69928, 119.35766, 7.22826, 55.38680, 174.31493, 11.26738, 57.14456, -13.37424, -134.26220, -142.65844, -161.33341, -4.99234, -16.48245, 38.39222, 102.71851, -14.53444, -5.60758, 33.72426, 52.76791, 172.09719, 37.74761, -1.41219, 37.83283, 62.25564, -179.34928, -22.73273, 33.59946, 37.05376, 7.07889, -173.04542, 173.22726, 175.55753, 49.69898, 48.55980, -122.21721, -130.80700, -173.54120, 141.37052, -2.98539, 23.44819, 38.79636, -71.31160, -140.38619, -55.98178, 1.00075, 66.36385, -177.74699, -18.35738, -91.19215, 21.06472, -111.62878, 176.16004, -52.12620, -105.59562, 151.55673, 40.75617, -57.99341, -124.07029, -143.91907, -72.02707, 24.69721, -1.59128, -66.71774, -1.41518, -12.89675, 102.82958, 
 | Execution: 14 Overall Best: -73.6444 -> -157.1173 GPU Time (s): 1.24166248 and HJ Time (s): 67.38670182
 +==============================================================+ 
 | 15 -- Promising region found with value: -71.018089.
 | HJ uses 150133 / 150000 iterations [0.000456775907450774763980672066].
 | 15 -- Conformation 
 | 17.54522, -151.08537, -40.15118, -3.02026, -8.53668, 63.39358, -0.41913, 81.55807, -7.70086, 3.92598, 37.01069, 16.26193, 53.76265, 58.29037, 28.09506, 27.93744, 89.67321, 115.37777, 0.72968, 73.88407, 10.53163, 5.11861, -127.84493, -23.76807, 29.75516, 3.09419, -5.42240, -36.38588, -31.83288, 47.29331, -8.98094, 162.68219, -80.31166, 133.63094, -9.65698, -5.10293, 10.07583, 11.96194, -7.00859, -171.96727, 88.64852, 73.92503, -135.16192, 0.92291, -24.02833, -134.75369, 31.55106, 174.32235, 24.00500, -4.60926, -2.68244, 5.82954, -3.20607, -55.06875, 123.80235, -60.26578, 2.09393, -109.80463, 6.73534, -96.31860, -38.12388, 95.87154, 97.75286, 72.14802, -139.81893, -151.67582, -171.87442, -80.73482, 22.17424, -2.98896, -0.00056, 11.98939, -47.37473, 164.55758, 97.96778, -76.09882, -17.13829, 0.49949, -90.09242, -148.79483, -21.10071, 50.13945, 146.78133, -23.87065, -19.96959, -79.02496, 14.68503, -2.91361, -8.09329, -16.96687, 117.84754, 30.46097, -16.09681, 20.45826, -56.10628, -72.81456, -65.02890, -163.56732, 123.81810, 78.29990, -170.65992, 119.62786, -156.46677, -62.52059, -176.14400, 159.44079, 134.30055, 32.52008, -18.87516, -56.91211, -55.82234, 48.75136, 6.68777, -9.28534, 5.72431, -146.62503, -99.74593, -8.07622, 44.82409, -11.75770, -17.37899, 24.97132, -20.19011, -26.43506, -59.35601, 171.91199, -1.76427, 29.76919, 146.75598, -76.69025, -53.69147, -109.05079, -4.58849, 11.39529, -148.42059, 150.51167, 36.11112, 157.56550, -90.26662, -26.69088, 8.07067, -136.15976, 6.31695, 176.45856, 62.04732, 165.98280, 154.20753, 125.85713, 153.21112, 135.69001, -1.37409, -154.21938, 25.41597, -102.80961, 2.97521, 141.83929, 48.21909, 58.40095, 130.23251, -59.12048, -73.42701, -12.78224, 144.90824, 6.41449, -76.12755, -67.27203, 46.69133, 125.26271, 170.07779, -32.47317, -79.38367, -149.53639, 99.49209, 114.07135, -11.15589, -124.11116, 15.48732, -16.98453, -166.14838, -68.29316, -17.45014, 118.09758, 94.25439, 58.46247, 122.86139, -13.43176, -64.88925, 43.01578, 93.93145, 141.56499, -105.32291, 
 | Execution: 15 Overall Best: -71.0181 -> -171.0353 GPU Time (s): 1.24449585 and HJ Time (s): 67.22243905
 +==============================================================+ 
 | 16 -- Promising region found with value: -91.243988.
 | HJ uses 150099 / 150000 iterations [0.000773554010145429500264202538].
 | 16 -- Conformation 
 | 91.34640, -12.92105, 26.99871, -83.54954, -133.65924, -24.40013, -20.98816, -137.31387, 73.31694, -30.23314, -14.88456, -1.72078, 2.37588, 7.92727, 54.93737, -75.85281, 32.98271, -0.12346, -45.69943, 29.12258, 15.06793, 0.26436, 69.60365, -38.59385, -114.31915, -0.74484, 3.69903, 4.90984, 16.11890, -14.46661, 6.58817, -3.72846, -29.36106, -41.83972, 65.49184, 15.37890, -0.73163, 2.79892, 5.69292, -11.78622, -26.58293, 27.81095, 97.82393, 79.40594, 35.58204, -66.09923, 42.39091, -71.31072, 21.29846, -20.46892, 0.17603, 16.19956, -20.48815, 14.13745, -81.23173, 34.46918, -77.03987, -14.23686, -109.04927, -134.63510, -12.94936, -116.96825, 3.46388, -50.67675, 37.67859, -11.24169, -7.32246, -106.57327, -15.76224, -11.24664, -59.75604, 54.86531, 26.47921, 12.50485, -92.23297, -3.95389, -57.91900, 6.75305, -18.24005, -20.61763, 35.56541, -29.16026, 50.80115, -7.34732, -37.33370, -38.45609, 18.93791, 57.80443, -1.87779, 9.50231, -139.85510, -40.74931, 2.36767, 9.98262, -0.64871, 45.59290, 67.24650, -20.95166, -1.52917, 14.76198, -67.45086, 45.95719, -5.08510, 71.83670, -10.02779, 36.65932, 77.32934, -23.13392, 16.66318, 34.32285, 15.23062, -60.47714, 48.28679, 140.32884, 40.13695, -73.27612, -133.89374, -33.87461, 13.97810, -17.36959, -86.43816, -1.71815, 86.41328, 115.49919, 51.03845, 67.23940, 165.65123, 49.55337, -21.36004, 14.53559, 45.84811, 95.32883, -4.74645, 41.43811, 46.50465, 159.22243, 20.98593, -18.65748, -134.00905, -69.35441, 19.14794, 59.36234, 5.68730, -0.20713, -122.06808, -13.47470, 22.29878, 4.52947, -28.81351, 124.35501, 10.11366, -14.09186, -81.02222, 21.34977, -46.72668, 122.39954, 132.47511, 43.80355, 115.11868, -151.65005, -144.00378, 179.09668, -48.51457, -1.34391, 33.40519, -21.34840, 1.55427, 98.46997, -12.20125, -123.65125, 25.24770, 1.75964, -154.02351, -128.57798, -16.79031, 3.26168, 163.68232, -22.54196, 29.63980, -66.44027, -4.31600, 113.16052, 15.93381, -48.94848, -34.56878, -27.85298, -35.71632, 73.09407, 148.54851, 81.54928, -29.24367, 
 | Execution: 16 Overall Best: -91.2440 -> -123.9313 GPU Time (s): 1.42023364 and HJ Time (s): 66.70927787
 +==============================================================+ 
 | 17 -- Promising region found with value: -70.654839.
 | HJ uses 150240 / 150000 iterations [0.000773554010145429500264202538].
 | 17 -- Conformation 
 | -4.44358, 45.90204, -26.66055, -4.18205, 107.79148, 14.59210, -131.05268, -47.98263, 23.21975, -70.61349, 25.93090, 6.54723, 34.31051, 50.44603, 18.25202, 84.42093, -7.18261, 7.16631, 143.61274, 170.13826, -162.34282, 32.38243, 157.37241, 18.90427, -73.47184, -127.04906, -131.64296, 13.35238, 19.60936, 16.52285, 60.12898, -122.20425, 2.24774, 23.55076, -19.85148, 5.04367, -122.16906, -32.43346, 20.26106, 16.65330, -30.72484, -137.51604, -100.09236, 14.32495, -25.29396, -45.01444, -43.52304, -53.71589, 20.33419, -78.17915, 18.36498, -0.63912, -1.53100, 25.80279, 57.04732, 72.36445, -47.47591, 98.27418, 34.52435, -31.00738, 54.87491, 25.68851, -88.76643, 78.68200, 75.48685, 31.34182, 23.46423, 18.29905, 1.40883, -23.54824, -16.24779, -56.56283, -47.14178, -8.28256, 46.98138, 110.59761, -166.37056, 131.34853, 158.79325, -132.54492, -178.74397, -14.52585, -12.38981, -89.64073, 26.39295, 95.77958, 10.67932, 24.37236, 5.75954, 67.88449, 30.51458, 26.45056, -98.69497, 49.09046, -80.63522, -16.82927, -126.52395, -16.14611, -133.04191, -52.68014, 147.86019, 153.67398, 131.22609, -136.35524, 35.99753, -176.20676, -146.79736, -56.22614, -9.04583, 4.89814, 41.25022, -136.43543, -21.85584, 150.38296, -130.38791, -12.17722, -122.80611, -11.78309, 75.06166, 10.97464, -23.82974, 17.28950, -168.62146, -149.16514, 134.50637, 9.93591, 148.96966, -76.49837, -144.13425, -18.53306, -5.19772, -167.15620, 173.82254, 176.12303, -149.98571, -18.93122, 21.49436, -5.52548, 8.15183, -61.24210, -170.97275, -179.71427, -67.69612, -27.97573, 110.00288, -17.19534, -75.97748, -83.08666, -136.63701, -79.55350, -2.57628, 40.39438, 161.65248, -146.70178, -73.83387, 24.34589, 33.48885, -1.44921, -132.80881, -19.25574, 29.86411, -5.09956, -94.52780, 179.07833, 141.47030, -150.31133, -22.82572, -13.65134, -138.97983, -2.55040, -156.75997, -178.93140, -26.25273, -46.60594, 39.23244, -24.09316, -40.64312, -136.01803, -145.33866, -140.40281, -154.88835, 24.63464, 30.09436, 57.80475, 8.95580, 67.73009, -6.19267, -38.59852, 159.63886, 10.65835, 171.64047, 
 | Execution: 17 Overall Best: -70.6548 -> -138.9692 GPU Time (s): 1.24489209 and HJ Time (s): 67.04230595
 +==============================================================+ 
 | 18 -- Promising region found with value: -71.306694.
 | HJ uses 150186 / 150000 iterations [0.000696198609130886550237782284].
 | 18 -- Conformation 
 | 35.69039, 76.82557, 56.92248, 29.83622, 90.14613, 8.87668, -4.04837, -2.95393, -120.64025, 9.33761, 65.17735, -62.71225, -15.69418, 50.17038, 14.80904, 23.60730, 70.35874, -13.78188, -87.75593, -123.28831, -64.72333, 142.56497, -116.02748, -45.95523, -127.98028, 17.01785, 18.39065, 28.85711, -102.48712, 133.49255, 97.83531, 58.17591, 157.22478, -37.62703, -126.01918, -116.55438, 68.00230, 40.72930, 33.21744, -17.46930, -72.71348, -89.13630, -122.89072, 122.29385, 91.41381, 41.42580, -12.56958, -34.07106, -37.48424, 162.34387, 59.05420, 45.91371, -11.59064, 39.13874, -38.81709, 0.09275, -121.18681, 2.40775, -77.61196, -102.77672, 145.63688, 79.92774, -2.71231, -20.54438, -83.26690, -78.42576, 43.19549, -119.21395, 26.87829, -32.05080, 142.21451, 74.47977, -159.69029, 17.85542, 111.98304, 31.13176, 39.33547, -136.36232, -52.83040, 35.49413, -65.63113, 46.98216, -44.81874, 1.31861, 4.95525, 3.95704, -7.81688, -15.03735, -23.50648, -8.79829, -55.97568, 23.74719, -10.06541, 86.03139, -3.29354, -48.46598, -112.96598, -15.61720, -132.67721, -52.70143, 157.83010, -91.43287, -27.70693, -3.76133, 81.80463, 170.57192, 5.53830, 117.76530, 42.24909, 48.37896, -14.96364, 105.92746, -24.47233, 23.05695, -40.50307, -177.85198, -60.27187, -15.06958, 109.77226, 110.92772, 92.91721, 17.73447, -38.91185, -150.80492, 6.01695, 128.08829, 40.62155, -135.41882, -28.33871, 44.19504, 57.71316, 149.10674, -109.48382, -48.56028, -51.44697, 176.98708, -68.62107, -50.76200, 0.36237, -38.15030, 69.07446, 44.30722, 4.59920, -70.10448, -10.04048, -34.64468, 60.89339, 83.88532, -15.40556, -41.50582, -38.40263, 118.62838, 128.92404, -18.48294, -8.87814, 7.28654, 46.64132, 28.63135, -0.65509, -144.87928, -167.56888, 34.27671, 55.31004, -153.75660, -150.11897, -12.39021, 165.91174, 6.52337, 59.87730, -149.19581, 12.64970, 74.56650, -8.59669, -41.06746, -134.92464, -3.85301, 3.58512, 4.44400, 71.91129, 26.07059, 87.95749, -170.21107, -154.69406, -168.83153, -137.25939, 170.53531, 131.88226, 8.97909, 1.33438, 70.17162, -35.21675, 
 | Execution: 18 Overall Best: -71.3067 -> -166.6186 GPU Time (s): 1.30791016 and HJ Time (s): 68.95493102
 +==============================================================+ 
 | 19 -- Promising region found with value: -71.894302.
 | HJ uses 150002 / 150000 iterations [0.000563920873396018141471275342].
 | 19 -- Conformation 
 | 7.07763, 57.37041, -32.93618, -20.30044, 162.51516, 108.92763, -54.32067, -10.51572, -37.14245, 2.25972, -170.77155, -0.28959, -0.91680, 54.77434, 3.96344, 39.98005, -26.51232, -135.87897, -114.92967, -96.18656, 6.48231, 103.57725, 155.35345, -148.21500, 124.06435, 17.29009, 34.91673, -140.94952, 17.19894, 49.84498, -9.29548, 34.23559, 17.22963, 52.86564, 2.85909, -13.27401, 17.76970, -12.78520, 24.77928, 100.87957, -19.85576, -44.78162, 5.43725, 166.29506, 16.27379, -107.72580, -32.59274, 161.06640, -18.11788, -51.92554, 26.18714, 12.54888, 72.75378, 95.12067, -17.97188, 59.24374, -2.11341, 76.06045, -40.77731, -30.87632, -10.59668, 89.51261, -2.99745, 8.44218, -91.81703, 41.79966, 2.95410, -48.19394, -42.43633, 35.46276, -3.58531, -142.73794, -84.39809, 24.24970, 118.10630, 19.93847, 16.23664, 86.99748, 65.35593, 65.76181, 3.39792, -110.15260, -7.19097, -7.91481, 10.01801, -56.87199, -22.99634, 66.74716, 0.72152, 1.02492, -43.00907, 88.39189, 160.69470, -44.05219, -42.61901, 41.13885, -132.07646, -46.71656, -163.99552, -8.74772, 114.14646, -2.20000, -124.50152, -128.15601, -6.78958, -142.31485, -91.27539, -12.48278, -45.81124, -132.33819, -9.60644, 11.06158, -15.86681, -130.43179, -52.14147, 141.63611, 8.58979, -3.37221, 129.85498, 107.32188, 152.72037, -172.56281, 25.93996, 74.80797, -12.43478, 110.77085, -3.46979, 109.91638, 103.81237, -15.46605, -34.13377, -97.94015, -108.54923, -35.81442, -26.77272, -71.08118, 35.77084, -11.49427, -52.59993, -18.76408, -17.01881, -151.05914, 23.35654, -130.98349, -13.53749, -138.76868, -62.97733, -7.28426, 2.12357, -20.10691, -36.94947, -178.80098, -175.83616, -150.42320, 169.95129, 53.16224, 175.12241, 84.00589, 156.13398, -128.71530, 22.57200, 110.86925, 61.71127, 50.16672, 125.36427, 140.76904, 166.25139, -127.95964, 42.08239, 156.97821, -98.44977, -14.50048, 140.43597, 117.43664, 11.52960, 8.04960, -30.74550, -5.77691, 7.64440, 66.01942, 137.94729, -120.16101, -3.00200, 79.35830, 94.29147, -18.89275, 140.37086, -15.13193, -144.73419, -144.16639, 32.89397, 
 | Execution: 19 Overall Best: -71.8943 -> -143.3995 GPU Time (s): 1.63042200 and HJ Time (s): 68.94412613
 +==============================================================+ 
 | 20 -- Promising region found with value: -69.159439.
 | HJ uses 150201 / 150000 iterations [0.000411098316705697298424626585].
 | 20 -- Conformation 
 | 19.05530, -100.29465, 11.07956, -154.35234, 25.15310, -56.41360, -8.83182, -74.54649, -1.27666, -20.79045, 2.56705, 7.62155, 1.17516, 1.18180, -25.42403, -66.06535, -2.24306, -32.48120, 53.19203, -56.99791, 94.75633, 109.35209, 3.33511, -78.07170, 5.74035, -1.48180, -6.39023, 12.45808, 73.19898, -1.28881, -116.89813, 112.47858, 10.41751, -83.76995, 41.26932, -57.55951, 68.31609, -38.04218, -77.10724, 21.64176, -54.34674, -94.17859, 5.20886, -90.25081, -9.74572, -100.74683, 49.17995, 123.78593, 28.42523, 22.98318, -30.01226, 99.79234, 9.06540, 49.63596, -44.35210, -64.80208, 32.19527, -121.40086, -9.59194, -11.82797, -16.00383, 126.28600, 84.42681, 3.62860, 41.62967, -106.31199, 136.52269, 34.74341, 138.38767, -121.87579, 130.52115, 9.35408, -7.81525, -146.08017, -1.78155, 70.65945, -50.71511, 13.67318, 134.90246, 37.30763, 58.18174, -34.47306, 26.97736, -42.54993, -177.71732, 3.44073, 36.08392, 126.95613, 31.51695, -109.38522, 49.18057, 2.39042, 117.77048, -32.75603, -68.84930, -97.69095, -37.28191, -35.85836, -31.50259, -157.85759, -178.82287, 61.73953, 11.97699, -163.24667, -123.31205, -142.46644, 171.75426, 72.82196, 27.56249, 56.36837, 177.84964, -8.79787, -124.68163, 26.80178, 145.74441, 152.60267, 153.44867, 47.44179, -156.35731, 156.27535, 61.22361, 25.61644, 101.90867, 20.59887, 17.08193, 9.29190, 60.85837, -146.97415, -15.99735, -121.72873, -33.63688, 161.55688, 118.64801, 161.05835, 53.17480, -161.20004, 150.15822, 94.31502, -23.39227, 50.70258, -29.02812, -138.22055, -15.28111, 153.54847, 39.41815, 163.37398, -42.70723, -46.62442, -56.78219, -38.90539, -129.99552, 155.76911, -28.48310, -52.25942, -7.40595, -120.32839, -46.73561, -169.51463, 173.71777, 56.07064, 167.50763, -24.80156, 157.95516, 141.53527, 152.37655, -20.85343, 123.75919, 28.69121, 34.06733, 20.65889, -157.32272, 74.14071, -32.23204, -119.34501, 158.63909, 138.21062, -163.57772, 93.19213, 127.77079, -41.92630, -80.97931, -177.86132, -117.85503, -3.62011, 166.22385, -39.96505, -146.40952, 174.82480, 42.70592, -26.48544, -145.75235, 
 | Execution: 20 Overall Best: -69.1594 -> -172.9771 GPU Time (s): 1.22864734 and HJ Time (s): 67.76142097
 +==============================================================+ 
 | 21 -- Promising region found with value: -67.021255.
 | HJ uses 150618 / 150000 iterations [0.000626578748217797862687938881].
 | 21 -- Conformation 
 | 83.40018, -28.00705, 66.93774, 86.62568, 55.94602, 168.12824, 109.16571, -4.45591, -3.71142, 28.13294, -150.55663, 3.87214, -112.50771, 10.81260, 9.36308, -8.67471, 122.71204, 18.32363, -170.82320, -171.44018, -59.30500, 19.93264, -102.04896, 4.59584, 3.14839, -25.22677, 19.64654, 53.04059, 79.57347, 103.37266, -1.80804, -8.82159, 84.35505, -75.49213, -93.97003, -123.02780, -85.17197, -40.92113, -126.34959, -83.92630, -17.46201, 2.02847, 22.04303, 77.95216, 17.37122, 95.26923, 121.40793, 22.60638, -108.74500, -71.80169, 6.83417, -17.37660, 98.89925, 59.48353, -26.14625, -69.92788, -0.91164, 151.50337, 1.73850, 145.87330, 29.33020, 31.84356, -25.31664, 30.12295, 51.28201, -64.05462, 89.32488, -9.56810, -78.87500, 46.91668, -7.22192, 5.68473, -103.16066, 45.09111, -176.05258, -71.01384, 167.49519, -73.71568, 101.97907, 28.37552, -15.39883, 62.39293, -10.83643, 48.09152, -15.49103, 11.88652, -52.58602, -14.49904, -27.95537, -29.51465, -11.53526, 126.29108, 23.42047, -18.41429, -135.31207, 20.63949, 10.22277, 106.42147, -141.39233, -78.56508, 150.94761, -174.69180, 131.75842, -115.65647, -48.03274, -157.14985, -57.66553, -4.01668, 160.72293, -166.22429, 80.02882, 10.20117, -50.72758, -14.85786, -27.88625, 7.68162, 79.24964, 18.08506, -45.76814, 3.79298, 47.51085, 94.64520, 29.80287, 34.86687, 20.30994, -56.84401, -62.23046, 153.63759, 52.84673, -44.96902, 21.09034, 31.61255, -54.55548, -124.25773, -170.60363, -6.44988, 106.24568, 103.93520, -15.59783, 76.24196, -26.43993, -27.17480, 120.79716, 146.22595, -111.39313, -1.12252, -87.86004, -165.81025, 170.89416, 13.06388, 20.09652, -103.25248, -11.18185, -97.25711, -23.75530, 90.93769, -2.87259, 7.63217, -77.96702, 34.60788, 148.97733, 12.84543, 80.53264, -1.80476, 156.82159, 82.73595, -30.11433, -30.05362, -29.38941, -28.14978, -7.04474, -161.55262, -171.79706, 14.58809, -78.66408, -46.83823, 158.56942, -2.03710, -3.89783, 110.94146, 133.16993, 0.69983, -48.78033, -1.64883, -29.55872, 81.32786, 161.18304, -120.18352, 171.62447, -36.73448, -26.69432, 
 | Execution: 21 Overall Best: -67.0213 -> -159.5291 GPU Time (s): 1.31050903 and HJ Time (s): 67.90520310
 +==============================================================+ 
 | 22 -- Promising region found with value: -64.027359.
 | HJ uses 150048 / 150000 iterations [0.000369988485035127590266207376].
 | 22 -- Conformation 
 | 97.13144, -18.41220, 86.49455, 144.46584, -68.16503, 36.17825, -89.66653, 167.52953, 48.00923, 146.72442, 140.51366, 108.73191, 10.90277, -8.79303, -20.86286, -71.72030, -135.72623, -42.99155, -157.60883, -19.37073, -0.15460, -105.31627, 53.92264, 23.63688, -53.47631, -179.13973, 155.52302, -25.06046, 56.32814, -30.12347, -95.51462, 0.71571, -126.09713, -121.32334, 169.60251, -32.18924, -133.12719, -118.27536, -24.03960, 174.63531, 0.26714, 76.96617, 80.99426, 14.05384, -38.90371, -106.97211, -33.94704, -16.27745, 12.17888, -65.77263, -22.09749, -1.88410, -170.31608, 0.93543, 160.73009, -26.94529, -15.31293, -22.52405, 160.34132, 125.45228, -9.16609, 10.48774, -26.19758, 176.18190, -6.36400, -13.74054, -28.64544, 82.13188, -17.03827, 160.28746, -157.77393, -124.04076, -46.12220, 68.11989, 7.14983, -25.11089, 31.79360, -55.80565, 20.20395, -21.68421, 148.47972, -103.12091, -25.71618, 89.52295, 41.68185, 9.41329, 34.30497, -11.45938, 27.49875, -18.25202, -10.24298, 51.11848, 162.79783, -2.25242, -21.32593, -0.31937, -10.82276, 22.52886, 163.69109, -51.97126, 3.92202, 38.21096, 58.01285, -138.91467, 17.75299, 20.20176, -13.93339, 21.54066, -4.90429, 29.69011, -70.17239, -146.56961, 132.01645, -48.04587, -117.12188, -0.10314, 133.61122, -24.98259, -144.27538, -40.54758, -161.63178, 177.34839, 45.63548, 75.88715, -172.02718, -4.05953, -128.96749, 51.83747, 66.52533, 175.86665, 50.20729, 126.06506, -132.38279, -130.77476, -7.62616, 134.43291, -22.01616, 0.14224, 163.59678, -164.82369, 1.17964, 64.69153, 6.34455, 13.45813, -35.67371, 67.01313, 128.64055, 11.35628, 163.14144, -26.26007, -141.15183, -24.22395, 26.68486, -156.42812, -169.10653, -140.26271, 137.14397, -161.78479, 40.21708, 25.20905, 16.21491, 6.99042, -155.15893, -170.53457, -19.21649, -7.30692, 106.97899, 19.43134, -3.53577, 130.03359, 10.52917, 76.16468, -159.13159, -54.28518, -164.58929, 14.55457, -18.83252, 177.76163, -7.67910, -0.17205, -2.36423, 100.37797, 3.51104, -71.05570, -107.82813, 4.46783, -6.48537, 11.83508, 148.55633, 90.92173, -23.01542, 
 | Execution: 22 Overall Best: -64.0274 -> -176.0954 GPU Time (s): 1.21893469 and HJ Time (s): 67.91937709
 +==============================================================+ 
 | 23 -- Promising region found with value: -78.072365.
 | HJ uses 150166 / 150000 iterations [0.000507528786056416392376278157].
 | 23 -- Conformation 
 | -7.14303, 38.07056, 0.91250, -1.42793, -30.19761, 69.44907, 119.43189, 5.73231, -105.07602, -48.81155, -4.36307, 7.44675, 12.15489, 3.58668, -0.32584, 24.82777, 89.80914, 7.98552, 86.70795, -7.32923, -57.50950, -49.03274, -143.11246, 58.94202, 33.72380, -138.46542, -2.04779, -161.38667, -126.32982, 3.84737, 16.18599, -65.62445, 1.30526, -62.29936, -6.42816, -23.53904, -161.96923, -60.35306, -15.48714, 2.64912, -46.69202, -107.39576, -61.67649, 47.42644, 15.84284, 92.44404, 6.80022, 66.84190, -4.00300, -104.97576, -22.69596, 0.12440, -10.50372, -11.16957, 60.95309, -86.09365, 48.89290, -80.29106, 149.06460, -17.03692, -37.58612, 62.31387, -3.50940, 10.00993, 9.07433, 73.59374, 4.87296, -76.30253, -177.05251, 160.54457, -100.85256, -50.16333, -40.04645, 37.02119, -39.27482, 141.65993, 179.73548, 128.43083, 156.93674, -39.70007, -142.17501, -53.16602, -63.28776, -3.39708, 1.10538, 11.57550, -62.79898, 57.00003, -58.46108, -69.88997, 1.47345, -0.43673, 23.61542, 153.18411, -95.01879, 56.59050, -121.79897, -151.50178, -41.03232, 21.83192, -47.03485, 55.31680, -10.70797, 43.57603, -57.65560, -34.22595, -75.10241, 21.77601, -1.81744, -47.50346, 63.50654, -165.80657, 136.98600, 25.83181, 49.23856, -56.02742, 26.15089, 11.91982, -77.98888, -19.16405, -134.61674, -120.35746, 6.85707, -4.61364, -146.41732, 99.88538, -173.93052, 18.14410, 26.77011, 154.88510, 174.93521, -23.68055, 2.08420, -3.03898, 26.60932, -83.83514, 25.80807, -36.95943, 12.53745, -74.49080, 27.86148, 92.12130, -24.60266, -28.53988, 28.56935, -19.99560, -66.54179, -57.95117, -19.80647, 167.91705, 9.46291, -69.65501, -163.20290, -147.99744, 25.39798, 140.00930, 14.09929, -120.18151, -68.73876, 174.67650, -149.24913, -39.44038, -165.80512, 28.17522, 11.55934, 171.81295, 35.94356, 62.67859, 166.33084, -75.56699, 10.50836, -19.12239, -155.74756, -159.68630, -132.98551, -28.44471, 58.00801, -44.51012, -123.98142, 142.45150, 84.76013, -13.79297, 109.02418, 161.33459, -165.40215, 8.49928, 87.71155, -21.43592, 134.08710, -28.73753, -30.43472, 
 | Execution: 23 Overall Best: -78.0724 -> -152.7632 GPU Time (s): 1.29563647 and HJ Time (s): 67.58294797
 +==============================================================+ 
 | 24 -- Promising region found with value: -65.768967.
 | HJ uses 150202 / 150000 iterations [0.000859504455717143901229138070].
 | 24 -- Conformation 
 | -5.56796, 107.35722, -155.53325, -35.48223, -19.27339, -141.43534, 108.63695, -93.84748, 33.80974, 36.33389, 63.03129, 135.12904, 17.04132, 63.87043, 71.25835, 69.42119, -0.85164, -32.08670, 3.87338, 23.56632, -53.92331, 0.41256, -62.66597, 8.95301, 52.88623, -3.21620, -117.24002, 7.88176, 29.36129, 94.83010, -14.36311, -69.23057, 69.83909, 7.36946, -39.23354, -20.78699, -2.13504, 7.15748, -9.14621, 154.59148, 17.74432, 16.21193, 107.09441, 0.04062, 64.40557, 106.01282, -84.95128, -60.79169, 91.68316, 71.10112, -13.52335, -74.92942, -26.07310, -36.92986, 92.73704, 31.01850, -72.04301, 22.25167, -99.06890, -77.82354, -59.09728, -36.36160, 33.08678, 67.80319, -43.55930, -148.42317, 6.34951, -33.30725, 124.17011, 113.90339, 84.77244, 122.65105, -44.28494, -0.76883, -88.87021, 8.23590, 14.27986, -97.60630, 67.59642, 107.37283, 18.36769, 130.47090, -1.80182, 13.79604, 39.84595, -73.67241, 71.69088, -12.57498, 67.80920, 5.04926, 14.09781, -67.87251, 41.20649, 40.47004, 8.86108, -9.92724, -12.93656, -146.64514, 179.43614, 101.49965, -11.58757, -78.36113, 145.82447, -68.59239, 46.12622, -15.05491, -48.81961, 164.04210, 149.19729, -159.59556, 122.06072, -141.26782, 110.51488, 46.16343, 21.46364, -117.96059, -134.82018, -162.42037, 51.81004, 148.30771, 139.27157, 147.49188, -39.04222, -27.32814, -14.55694, 4.65077, -58.82885, 0.22254, 59.69964, -176.73891, 162.44106, -148.22448, -46.30386, -11.40906, -153.13509, -151.55137, -37.54784, -26.95699, 100.53307, 7.13327, 132.92856, 43.96399, -15.13308, -140.65810, -26.37821, -57.47105, -166.67860, 123.68690, 69.00188, 37.37541, 99.31735, -26.38199, -33.22169, -13.90094, -29.96961, 82.50231, 156.19537, 6.61520, 108.34703, -34.63170, -119.72907, -85.37111, -131.59035, 23.39453, 2.26413, 6.02408, 126.59366, -32.12304, 75.87547, -24.26671, 76.11127, 6.24884, -16.11283, 154.18286, 30.92087, 50.17453, -134.91394, 53.19903, 117.61830, -149.26870, -66.48205, 142.49729, -175.92650, -65.85637, -144.08427, -32.95236, -13.82997, 45.00016, 4.42246, -70.50656, 175.99128, 
 | Execution: 24 Overall Best: -65.7690 -> -160.9159 GPU Time (s): 1.62650415 and HJ Time (s): 67.66223025
 +==============================================================+ 
 | 25 -- Promising region found with value: -77.635330.
 | HJ uses 150181 / 150000 iterations [0.000507528786056416392376278157].
 | 25 -- Conformation 
 | 172.00391, 28.30479, 47.52510, -25.37969, -11.15921, 39.31211, -23.33060, -38.20578, 74.16651, -12.92236, -2.80311, -1.41547, -0.75721, 4.13188, -18.68117, -7.88758, 34.45648, -81.72989, 2.14812, -44.98837, 11.97425, -86.73247, -14.32413, 36.83866, -12.44861, 7.15630, -20.96498, 7.26612, 128.57762, 61.73697, -56.86173, -16.34708, 47.44429, -15.40788, 3.28712, 6.72892, 5.40689, 1.33264, 4.27357, 107.29008, 25.19104, -46.39933, -9.27670, 109.67000, -107.62628, -8.01531, -98.33420, 80.45803, -90.04648, 73.40178, 126.44826, 33.64729, -85.07162, 93.38273, 61.68697, 136.60793, -40.24011, -41.61071, 16.69136, 81.58294, 18.59197, 68.16177, -97.75265, 1.83845, -57.19471, 0.72433, 50.35275, -172.99116, 38.49874, 79.17031, -37.08997, -8.17665, -136.39611, -161.91512, 57.47168, 87.26318, -11.86449, -72.28371, 166.93097, 2.31214, 47.50184, -1.77760, -12.81659, 0.14413, -13.65841, 48.71800, -46.61229, 2.38496, -0.38122, -45.61751, 33.42485, -37.09773, -23.07786, -19.40102, 47.34845, -0.64354, -65.76251, -159.05802, 16.31991, -20.03260, 2.34832, 163.46052, -83.77837, -43.01146, 38.87832, -37.54928, -0.26405, 99.05407, 152.09956, 165.81556, 52.19726, 177.57164, 168.51778, -144.26966, -157.60974, -9.08310, -32.47814, -152.36135, -12.77300, -16.69353, -27.91890, 57.87597, 145.95771, -0.16669, -1.97244, 38.61222, 17.90332, 176.30028, 178.67334, 66.24738, 36.84035, -25.84255, 68.62338, 16.12538, 158.11636, -45.82064, 45.30526, 29.30062, 16.87674, 48.91418, -147.92645, -134.96527, 66.76504, 121.33061, -55.67463, 34.44232, 163.22014, -43.56692, -137.04297, -17.63126, -11.06855, -56.67166, 4.83678, -121.85619, -44.52059, 52.84417, 72.27634, -142.70252, -66.21528, 37.79381, 80.22949, 26.56453, -146.45798, -133.80814, -130.34909, 24.52012, 144.65276, -44.88832, 9.69750, 43.08254, 160.41896, 7.70238, 158.72119, 11.76055, 54.15120, 6.33266, 134.01978, 131.28006, 90.09107, -11.13037, -48.61107, 153.14732, 95.64288, 98.27004, 43.83243, -159.98633, -57.65164, 55.52801, 112.60492, 157.68135, -88.61775, 
 | Execution: 25 Overall Best: -77.6353 -> -162.6868 GPU Time (s): 1.95579492 and HJ Time (s): 67.64647198
 +==============================================================+ 
 | 26 -- Promising region found with value: -56.878544.
 | HJ uses 150066 / 150000 iterations [0.000563920873396018141471275342].
 | 26 -- Conformation 
 | 58.71927, 31.40995, 80.09397, -46.86176, -49.26251, 23.57864, -1.99644, 2.10538, 35.01322, 40.07340, -70.44594, -19.22283, 0.31579, -47.23234, 6.17421, 85.50716, 152.44576, 157.66691, -86.17557, -4.95835, -2.13741, -22.38757, 29.33273, -142.00832, -11.07509, 13.57493, -3.26313, -23.96899, 38.03071, -13.12888, 52.06510, -27.46947, 33.23685, -20.54093, -28.48822, -48.20991, -28.10298, 25.19833, -2.13384, 4.64299, 85.32406, 55.04708, -107.65558, -58.57131, -27.50440, -117.80199, -18.63331, 10.92688, 16.35510, -64.80278, 14.86848, 80.72636, -168.03651, 42.72574, -161.19535, -22.94524, 40.93136, -162.69830, 43.12221, 0.64815, 14.77077, 76.53991, 4.74015, 38.88473, -14.77857, 77.93625, -27.87174, 11.20254, 4.39022, 51.03261, -174.05320, 36.39087, 25.70538, 149.78563, -142.00029, 16.58856, 50.33908, -6.88772, -93.18138, -125.11799, 24.38640, 62.57827, 1.60114, 15.90636, 1.73494, -4.29425, -137.57594, -26.75676, -12.95985, 82.08852, -121.65420, 46.08043, 36.15717, -72.78073, -22.99743, 4.30991, -115.67513, -133.09875, 49.56094, -19.46705, 163.10938, 47.07238, 113.73610, -137.22738, -122.97902, -73.15680, -41.40801, 56.57576, 112.98340, 74.36150, -167.02153, 52.26076, -62.09075, -19.56763, 174.32768, 60.77870, 2.46971, 98.74295, -31.90456, -88.71033, -157.89790, -157.50235, -117.60337, -139.04225, 169.60009, 11.87300, 145.58130, 1.51813, -24.06964, -136.05212, -137.12098, -102.82385, -32.05849, -15.65487, -92.39995, 13.16423, 65.37835, -164.25710, -34.33882, -64.45818, 22.15912, 90.94956, 105.04231, 141.03160, -23.78963, 177.58032, -116.04391, -170.21006, -36.13654, 111.09280, -14.87791, 178.38618, 47.97171, 22.79758, 84.62165, -162.17939, 129.76031, -155.90074, -100.21975, 18.52538, 126.65663, 33.79260, 39.41887, 36.24083, 20.07280, 171.55392, 125.93852, -172.32025, -144.84566, -7.65848, 94.32669, 60.03710, -45.15823, -45.47852, -44.56217, -176.49245, 62.82686, -176.78470, 170.57342, 69.25628, 23.21373, 43.72412, 20.10143, -63.12209, -49.47517, 118.20774, 3.28696, -111.46790, -44.53859, 18.60042, 135.38943, 
 | Execution: 26 Overall Best: -56.8785 -> -138.6561 GPU Time (s): 1.26405420 and HJ Time (s): 68.08170295
 +==============================================================+ 
 | 27 -- Promising region found with value: -71.636208.
 | HJ uses 150136 / 150000 iterations [0.000696198609130886550237782284].
 | 27 -- Conformation 
 | 34.46785, 149.95268, 39.68290, 51.71299, 71.47475, 5.21368, -153.81447, 134.32609, 26.29015, 128.86857, -31.84565, 9.83923, -58.24398, -23.64899, -18.52321, 49.24003, 179.77301, -95.83341, 5.82920, -159.97861, -69.97019, 126.99312, 79.64737, -49.72834, 35.23115, -44.70676, -9.18839, -13.45495, 2.00441, 34.49906, -29.44146, 12.96812, -170.80540, -38.15844, -67.92875, 25.34212, 10.89165, 143.27467, -3.62571, -26.21992, -26.22568, 103.87505, 69.74951, -49.74403, -6.76238, 66.49021, 142.22965, -15.84059, 70.44375, 22.63910, -61.04147, 1.45128, 1.09716, 34.14124, -74.42751, -66.64224, -29.98904, 127.14522, 14.43344, 160.45140, 36.11406, 167.56860, 54.32773, 25.74836, -82.31213, -87.44922, -73.40611, -146.66837, 113.16982, -32.02853, -28.80225, 41.85364, -31.45371, -3.72473, 143.57246, 23.72950, -86.35320, -22.02087, -77.92771, 153.11896, 40.59679, 11.43910, 60.21585, 28.25088, -38.25966, 35.17371, -48.49263, 42.95554, -120.71438, -52.41644, 36.32464, 62.96201, 29.92810, 6.47434, 6.67388, -22.42883, -3.29504, -80.95527, 173.26941, 155.85825, -110.18267, 41.25536, 17.49622, -17.26893, 52.81315, 175.95735, 164.93529, 27.44995, -6.69349, -31.61976, -5.46553, 61.79281, 16.44685, -30.04069, 132.78228, -146.88762, -16.94456, 19.51364, 24.36036, 159.11229, 49.95952, -0.65557, 39.64878, 129.31684, -152.50123, -1.03643, -109.03772, 175.31114, 55.60987, 139.70624, 99.43294, 55.18574, -141.28682, -92.16136, -62.82397, -123.19317, 47.33603, 27.78163, 6.55671, 16.18079, -122.48504, -32.78919, -32.48953, -137.43540, 115.90587, -12.41975, -44.08833, -29.44100, -19.95704, 13.00698, -1.93302, -120.37909, 0.40495, -6.14227, 177.61136, -130.05872, -7.93834, -12.12558, 14.63270, -40.09352, -11.86848, 17.16569, -26.51995, -22.75167, -167.56854, -128.42258, 13.57460, 16.17090, 107.66219, -8.14638, -17.27947, 177.73459, -11.19621, -10.21319, -45.23764, -56.55101, 53.35771, -1.55290, 20.86624, 145.54612, 70.52423, -16.06112, -167.21483, -0.35227, -55.65278, -136.89113, -163.35476, 81.38336, -4.68225, 59.15210, 177.18978, 
 | Execution: 27 Overall Best: -71.6362 -> -149.5423 GPU Time (s): 1.36627405 and HJ Time (s): 67.48854399
 +==============================================================+ 
 | 28 -- Promising region found with value: -70.730080.
 | HJ uses 150002 / 150000 iterations [0.000563920873396018141471275342].
 | 28 -- Conformation 
 | 20.72903, -107.28082, 5.88501, -111.45450, -75.39106, -150.00816, -42.20679, 53.83622, -32.73770, -8.09063, -22.61903, -27.84013, -18.29590, -11.98507, 75.09951, -22.68456, -71.36954, 78.89116, 22.29830, -12.95955, 50.59813, 5.21699, -17.29907, 69.29036, 23.21018, -55.28577, -124.16245, -24.83373, -34.63062, 50.68839, 167.32207, 75.48112, -177.89737, 85.47251, 17.89816, -2.76346, 1.14297, -40.49143, -100.42105, 22.84730, 5.54973, -35.01553, -31.47873, -85.96608, 73.39387, -13.37959, 86.15641, -10.56241, -165.03118, -115.12725, 31.03576, -47.47615, -9.26542, 4.42198, 25.37330, 178.36625, 6.55613, 0.31200, 112.79280, -46.74586, 14.62097, -56.90282, 46.73854, -132.66441, 14.35537, 10.94424, -3.00994, 0.71133, -1.37539, 15.08414, -68.71228, -3.61248, -80.53040, -24.27515, 1.48759, 6.41314, 71.24611, 179.16547, 2.87562, -109.82792, 80.94135, 34.68925, 144.58444, 10.43356, -11.36199, -22.32182, 2.73457, 17.41912, -0.41340, -34.81560, -151.25872, 0.17743, 10.37006, -3.45933, 75.13503, -6.96151, 67.41776, -7.91314, 45.38771, 135.84337, -14.40925, 32.74860, -124.51984, -144.82744, -29.63040, -32.50730, -6.37976, 42.95303, 79.11904, 166.07992, 44.10635, 171.02917, 125.28100, -136.71518, -152.80788, -2.56429, 85.35024, 154.53359, -58.35332, -99.01662, -61.75814, -171.40399, 76.23043, 74.06320, 45.54276, -8.12003, 16.47242, -54.03653, -149.93837, 2.14804, 8.05729, 50.67885, 144.75619, 160.04524, -7.70143, 106.96179, -9.92675, 25.11294, 165.41221, 118.85258, -151.27433, -13.55998, -66.02894, -149.29839, -14.98826, -54.70711, -174.00757, 133.37343, 123.71554, 171.72101, -0.97237, -67.11711, -6.37656, 24.25559, -178.66223, -31.59737, -18.22809, 61.08664, -179.79386, -118.08591, -133.73524, -103.19299, -90.15705, -76.06443, -117.82191, -166.05743, 1.97571, -38.03155, 65.54891, -42.86978, 69.58495, 14.63000, -35.15587, -103.28871, 163.24179, 53.35259, 178.50733, 20.30731, -164.08290, -61.98714, -15.92736, -125.24066, 165.81809, -156.79963, -153.29501, -177.64024, -9.65727, -123.74639, 178.29204, -155.19979, 49.28183, 
 | Execution: 28 Overall Best: -70.7301 -> -132.4705 GPU Time (s): 1.24337756 and HJ Time (s): 66.90550995
 +==============================================================+ 
 | 29 -- Promising region found with value: -73.906258.
 | HJ uses 150203 / 150000 iterations [0.000563920873396018141471275342].
 | 29 -- Conformation 
 | -168.73556, 8.40318, -29.45752, -30.68162, 7.09298, 97.76242, 6.65531, 31.98853, -26.52354, -88.35719, -7.05395, 25.62509, -76.85572, 32.75116, -6.49460, -9.39921, 2.27008, -151.64714, 145.60411, 154.13036, -55.58395, 5.93660, -141.52677, 91.37001, -90.13718, -14.49115, 27.12851, -23.41492, -10.00912, -22.69589, -115.56537, -114.86686, -0.17607, -35.77145, -115.41367, -30.35484, -6.41794, 47.85752, -32.89029, -36.67238, -135.15350, -40.48257, -15.85376, -3.98741, 33.81980, 65.56631, -115.48279, -68.31168, 13.86214, 20.06563, -84.94059, -43.96719, -36.31139, 57.52125, -37.11598, 55.35049, 5.75068, -52.07497, 59.23128, 16.18050, 133.24070, -169.79218, -60.75583, 58.27611, 128.23648, 121.94623, 126.23589, 19.59409, -32.09917, 0.66996, 96.66310, -9.79416, -72.85128, -54.60477, 77.48718, 55.39493, 41.33523, -13.54183, -97.37299, -99.94693, -84.07125, 115.77614, -45.41874, -56.25867, -5.01931, 86.59723, -60.59476, 40.44483, 131.82350, -28.02151, -8.21442, 35.60505, 134.27031, 52.42696, 45.53155, -94.27096, 65.54306, 59.77133, -54.52091, -50.64149, 25.35703, 2.17519, -112.06228, -166.01969, -17.64134, -92.88169, -32.79321, 149.65732, 65.79846, 48.26330, 160.45162, 89.92910, -155.03660, -7.97529, -25.17959, -40.41688, 8.58937, -145.97999, -168.42174, -0.73988, 16.47769, 76.22416, 150.75250, 119.23526, 125.50827, -31.80943, 16.71687, -66.59227, 16.48028, -145.13802, -41.97767, 7.75490, 117.18066, 143.53352, 172.82352, 153.53773, -71.59138, -14.01730, 98.71353, 74.37052, -34.27522, -173.00873, -66.37998, -153.98902, -49.29581, 5.60949, 41.62481, 114.21667, 22.92944, 113.27741, 25.00682, -79.12022, -0.33004, 13.27737, 14.23670, -65.20014, -17.73848, -5.88827, -156.41420, 13.13934, 0.94713, 18.45199, -153.32314, -42.31237, -124.86924, -20.56123, 23.40882, -12.91555, 53.87066, 0.65259, -68.51182, -31.77701, 76.75170, 54.42648, -7.92339, -36.18176, -26.93522, -46.20355, 10.16308, 62.62953, 53.92918, 31.32351, 6.42403, 5.43687, -149.72171, -43.04514, -120.52911, 29.14930, 28.88656, 26.04200, 27.96257, 
 | Execution: 29 Overall Best: -73.9063 -> -165.4727 GPU Time (s): 1.22808521 and HJ Time (s): 68.58401299
 +==============================================================+ 
 | 30 -- Promising region found with value: -95.508636.
 | HJ uses 150082 / 150000 iterations [0.000696198609130886550237782284].
 | 30 -- Conformation 
 | -166.17889, -21.79015, -0.94585, -4.79212, -1.22276, 18.80625, 69.75283, 160.30600, 22.93939, 57.97226, 14.46898, 18.90265, -43.09218, -126.25816, -109.06469, -19.18820, 1.14157, 10.73223, 37.59199, 31.80767, 85.64207, -126.20158, -69.39750, 44.46733, -83.75516, 22.79757, 4.79341, -1.15906, -38.10389, -10.98735, 105.54181, 45.59212, -21.21582, 37.25815, 16.13784, -5.54762, -29.91085, -1.55461, -11.29146, -17.29365, -90.52134, -22.17872, 11.59422, -1.79891, -58.21400, 10.43987, 15.17055, -21.85894, -8.70065, 28.98651, -4.09894, -6.05344, -53.49344, 0.98383, -15.07884, -12.40225, -117.67697, 25.72721, -177.97245, 51.21355, 9.45141, -22.43852, 5.62281, 111.00435, -22.43555, -2.52146, 14.34271, -7.16146, -141.38041, -139.87840, -99.04907, -0.40960, 89.79251, 7.89505, -66.43421, -173.01978, -19.05760, 83.32936, 145.96560, 59.65719, 11.47460, -120.71978, 23.59352, 36.52563, -0.95444, -1.79319, -1.68582, -3.21904, 8.54014, -2.66974, 44.44309, -41.82330, -6.30190, -3.10839, 4.90199, 17.65319, 61.00753, 54.73732, -59.23861, -64.33149, 49.45279, -56.97163, 29.36462, -101.78338, 7.70501, -7.15903, 54.88166, -25.99664, -0.91126, -39.79750, 40.22940, 156.36457, 85.97760, -25.75350, 59.41561, -172.97481, -54.84052, -0.89273, 18.70630, -153.84838, -15.30141, -22.76126, -30.84507, -16.75679, 7.50822, -48.26506, -0.44386, -172.60240, 173.36340, 59.53567, 31.45066, 25.73302, -70.36866, -15.64144, 22.38962, -82.79406, -99.02946, -156.99607, 90.86157, -167.03796, 13.33201, 48.53226, -59.58468, 7.19747, 127.35146, 18.16315, -43.93922, -34.37058, -51.08031, 60.38060, 96.15338, -25.70177, -99.68162, 32.21471, -178.43054, -52.48010, -156.22092, -43.46637, -0.94652, 53.76227, -45.54805, -49.43816, 36.41300, 45.71284, -9.91307, -21.52151, 90.26798, 54.03523, -37.23046, -18.32930, 66.38479, 26.64915, -31.18755, 31.41677, -40.47996, -29.85644, -21.30180, -48.83640, -24.23128, 72.45854, 53.21008, -50.26057, -107.05261, -55.70453, -3.78136, -127.29913, -27.02518, 83.94140, 154.97415, 93.49878, -19.66543, 
 | Execution: 30 Overall Best: -95.5086 -> -129.6821 GPU Time (s): 2.06286548 and HJ Time (s): 68.33131313
 +==============================================================+ 
 |                     EXPERIMENTS RESULTS                      | 
 +==============================================================+ 
 | Objective Function:
 | 	 mean:         -1.54196228027343750000E+02
 | 	 std:          +1.39021053314208984375E+01
 | Execution Time (ms): 
 | 	 mean:         +1346.388
 | 	 std:          +205.437
 +==============================================================+ 