(base) matz@matz-desktop:~/Documents/3DcuHjDE$ ./demo -r 30 -p 50 -o 2EWH -e 650000 -j 150000
Optimizing sequence: AABABAAAAAAABBBAAAAAABAABAABBAABABAAABBBAAAABABAAABABBAAABAAABAAABAABBAABAAAAABAAABABBBABBAAABAABA
 +==============================================================+ 
 |                      EXECUTION PARAMETERS                    | 
 +==============================================================+ 
 | PDB ID                                   2EWH
 | Protein Sequence [98]                   AABABAAAAAAABBBAAAAAABAABAABBAABABAAABBBAAAABABAAABABBAAABAAABAAABAABBAABAAAAABAAABABBBABBAAABAABA
 | Number of Executions:                    30
 | Population Size:                         50
 | Number of Dimensions:                    191
 | Number of Function Evaluations:          650000
 | Optimization Function:                   3D-AB
 +==============================================================+ 
 | Structure (A | S1)
 | 	 Number of Threads                        32
 | 	 Number of Blocks                         2
 | Structure (B | S2)
 | 	 Number of Threads                        192
 | 	 Number of Blocks                         50
 | Structure (C | S3)
 | 	 Number of Threads                        128
 | 	 Number of Blocks                         50
 +==============================================================+ 
 | Number of Dimensions:        191
 | Protein Length:              98
 | Protein Seq:                 AABABAAAAAAABBBAAAAAABAABAABBAABABAAABBBAAAABABAAABABBAAABAAABAAABAABBAABAAAAABAAABABBBABBAAABAABA
 | Rho:                         0.900
 | Epsilon                      0.000
 +==============================================================+ 
 | 1  -- Promising region found with value: -81.471939.
 | HJ uses 150242 / 150000 iterations [0.000563920873396018141471275342].
 | 1  -- Conformation 
 | 24.52005, -93.45756, -108.59525, -50.58941, -93.58381, 155.44961, 17.96945, -81.98501, -9.77549, 10.32998, 14.64105, -18.90284, -118.19879, 13.74755, 7.04408, -136.21037, 105.06275, 15.81595, 172.97195, -166.59899, 8.68470, 41.44458, 67.87559, -22.71959, -22.12480, 22.52375, -18.58042, 22.53129, -15.06026, -70.35396, 46.19218, 12.53240, 16.32043, 87.31216, 53.41975, -136.25492, -34.87797, -21.43819, 6.41690, 95.90541, -63.97300, 157.61318, 19.01996, -14.80369, -122.50160, -154.12035, 20.15902, 156.01554, -86.80245, -0.42535, -5.88254, -10.05256, 14.66009, 21.09491, 17.74315, 5.15430, 12.94586, -18.19243, 41.08877, -44.33782, 87.78257, 10.65485, 89.61250, -171.95179, 85.73395, 4.63859, 128.62937, 18.39400, -46.08091, -108.24669, 97.18943, 6.58823, -27.87846, -6.09702, -70.56037, -170.95383, 17.71570, -106.19412, -42.92142, 20.38441, 64.44142, -19.20155, 50.30842, 9.30655, -32.66036, 11.02879, -94.93297, 12.12860, -68.58322, 11.96830, 121.89340, -109.86937, -27.25361, 43.18997, -35.38340, -172.98668, -29.48491, -45.70508, 50.92255, 123.29188, -167.01904, -84.33322, 152.32023, -18.90676, 93.56163, 7.40520, -41.37882, -19.43742, 176.08550, 97.39039, -7.32607, 51.38157, -148.42314, -19.92316, 35.30791, 30.70857, 2.86441, 26.61510, -56.60289, 19.38174, 52.20989, 90.87798, 51.18240, -20.40044, -117.93896, 38.72465, 58.46881, 170.37440, 160.03475, -149.64499, -60.45654, -37.44854, -145.65351, -137.54998, -133.65753, -98.22764, -28.67766, -148.25570, 99.80060, 20.52503, 138.66456, 38.17226, 17.53381, 109.18177, -23.18430, 64.29360, 74.36412, 55.58133, 19.96974, 20.03215, 77.63643, -168.65440, -155.05912, -13.09104, -159.19395, -153.04728, 154.32586, 154.35532, -17.56595, 29.93266, 34.42473, 60.62530, 17.47906, -47.83969, -8.15134, 142.67584, -42.74055, -121.58151, -7.48144, 33.42745, -19.87287, 177.17440, -128.81889, -18.01498, 16.46342, -60.00606, 156.46349, -109.88320, -129.20426, -63.59635, -150.30785, 55.27212, -178.80897, -119.65714, -54.84640, -66.76180, -36.58377, 46.11695, 5.68113, 18.06984, 34.21155, 
 | Execution: 1  Overall Best: -81.4719 -> -177.4814 GPU Time (s): 2.16016577 and HJ Time (s): 67.16954303
 +==============================================================+ 
 | 2  -- Promising region found with value: -78.983910.
 | HJ uses 150097 / 150000 iterations [0.000507528786056416392376278157].
 | 2  -- Conformation 
 | 78.11888, -48.80719, 167.16368, 19.79591, -147.28261, -31.18764, 17.26335, -86.66768, 9.03600, 7.74557, -7.34722, 4.43887, 1.86169, -8.45872, -147.53546, 29.89821, 99.65874, 60.23803, -14.34610, 67.40181, -21.14365, 1.66411, -33.45250, 1.27726, -24.03206, 0.55056, -7.24389, -12.36788, -136.39079, 102.64893, -59.04192, -18.75846, -86.61178, -129.20098, -142.92312, -53.99809, 56.45995, 0.19691, -2.97612, -40.48699, -66.54374, -2.82737, 32.38810, -21.05325, -9.99135, 24.71438, 118.90790, 12.99803, -107.06529, -159.38166, -73.09685, 17.43010, 93.61636, -52.24531, 28.04688, 21.15381, -1.37009, 47.29591, -65.03021, 86.85380, -57.09156, -76.14953, 19.27185, -26.15277, 17.85822, 7.45618, 142.67560, -13.76547, -140.26654, -94.19010, 127.55890, -14.95209, -154.07407, -14.34005, -130.14626, 55.73378, 49.85100, -28.05126, 35.93013, -2.54193, 59.65941, -8.02124, -30.31685, 72.58179, -5.94319, 55.66114, -16.74351, -1.98430, 6.06554, -5.83958, 29.69865, -74.12412, -19.46550, -0.64894, -1.35560, 52.68453, -47.51075, -41.90237, 138.02575, -13.45509, 112.17871, 22.47688, -28.71221, 119.39169, 7.61345, 67.38669, 22.23523, -79.80298, -90.22010, -69.52621, -3.23061, 155.95551, 32.68055, -59.03305, -30.79277, 133.64350, 147.87469, 94.43735, -20.78394, -30.04388, -4.54906, 62.35757, 65.17275, 167.89347, -17.42661, 83.38266, -176.82556, -12.90168, -3.41767, 109.94137, 142.13320, -0.62748, 23.96014, 68.82774, 106.15934, -7.49803, -164.18239, -107.91067, 13.35627, -85.77551, -102.35891, -147.78930, 169.19290, -21.52461, -152.33840, 30.24200, 12.27036, -47.99438, -156.68900, 37.35227, 8.68562, -88.14208, -172.73166, 177.76318, 0.30724, -64.23372, -1.44957, 170.68022, -148.00290, -19.87982, -15.47270, -166.86252, 61.13865, 38.61383, -24.73526, -56.86466, 126.93038, 46.33701, 12.92898, 6.51867, -74.41399, -155.65974, 40.32289, 17.00888, -89.97845, -118.45036, -96.64831, 6.14487, 139.72513, 116.14194, 44.16452, -38.12882, -61.39304, -16.61877, -30.62825, 77.56304, 151.27839, -99.55142, -71.89938, -10.27944, 112.50559, 
 | Execution: 2  Overall Best: -78.9839 -> -132.7211 GPU Time (s): 2.23513696 and HJ Time (s): 66.84610891
 +==============================================================+ 
 | 3  -- Promising region found with value: -73.168961.
 | HJ uses 150127 / 150000 iterations [0.000456775907450774763980672066].
 | 3  -- Conformation 
 | 75.35178, -42.07421, 24.97153, 60.29114, -79.77942, 54.65721, -14.40241, 94.53132, 13.74844, -101.08379, -108.73792, 1.90738, 36.88792, 22.12266, 42.91939, 69.34548, 171.44210, -87.41808, -53.20926, -6.06232, 1.94727, -106.87815, -1.19214, 129.73583, -6.14158, 7.67627, 47.78032, -14.33934, -22.06400, -30.20644, -159.52066, 42.57068, -24.71608, 101.77252, 9.20812, 10.89444, -17.63604, -4.82524, 28.02094, -56.94884, -109.96698, -4.14601, -177.66275, 22.42326, -46.10567, 2.53890, -0.42477, 9.76186, -127.09495, -14.22541, -138.78051, -14.32167, -50.15152, -65.67503, 0.01958, -141.56730, -46.32400, 6.45366, -2.87752, 10.35287, -0.47548, -123.00532, -0.84859, -124.43918, -51.34197, 8.79956, 151.03417, -3.23095, -42.90269, -20.75113, 77.73800, -169.05563, 70.69946, -12.11955, -32.04357, 77.86939, 16.04028, 109.16322, 9.10516, 124.95232, 67.45989, -45.08687, 73.08842, 138.07662, 1.33137, 26.29013, 13.59276, 27.72842, 19.53182, -12.88956, 0.66103, 9.98656, 66.67850, -40.84309, -79.36498, 23.61171, -12.45661, 70.64735, -174.07317, -10.55547, -41.54164, -143.28694, 168.53557, -34.47355, 4.19782, -4.50144, -151.59732, -41.21150, -22.94637, -104.64067, 10.05560, 137.52321, -161.36036, -39.68966, -106.07237, 8.41143, 179.73301, -99.88422, 167.94959, 68.96895, 43.76182, 142.71425, -152.15083, 130.16718, 36.55323, 10.08625, 118.93932, -141.76014, -21.60197, 16.54672, 30.74214, -2.54969, 76.95106, 115.18908, 156.21460, 27.55246, -106.83054, -40.87430, 173.94287, 40.64700, 26.87850, -0.20817, -112.35419, -19.40648, -0.74351, -65.73475, -146.20670, -137.82783, -50.73031, 168.98775, 27.75123, -114.47415, 176.84003, -74.09403, -109.63322, 2.30718, 127.07841, 22.94240, -150.89342, 102.00843, 27.36132, 161.47078, -56.49367, -139.89505, -109.01314, -167.58629, 173.12597, 18.47294, -104.45357, 8.25691, -13.35813, -28.31797, 116.99984, 138.88428, -10.31992, 16.23187, -4.04010, 70.05928, 21.07995, 173.26703, 169.89598, 62.16254, 47.13443, 16.76997, 18.91145, -93.66949, -77.07153, 31.64439, 62.29060, 150.14639, -154.00832, 
 | Execution: 3  Overall Best: -73.1690 -> -131.7598 GPU Time (s): 2.21607422 and HJ Time (s): 67.00051188
 +==============================================================+ 
 | 4  -- Promising region found with value: -84.913330.
 | HJ uses 150142 / 150000 iterations [0.000626578748217797862687938881].
 | 4  -- Conformation 
 | 45.12824, -48.71418, -59.67172, -104.81821, 43.88057, 18.21646, 83.99742, 42.57793, -89.53641, 155.93008, 60.97671, -74.35887, -38.52443, -95.03490, -70.34822, -12.87694, 50.22699, -18.21744, -93.55025, 91.51327, 17.02535, 25.80332, 0.08572, -30.91358, 130.81984, 153.39425, 75.79970, -36.32784, -28.59822, 51.73996, -17.58454, -100.80851, -66.10890, -142.61435, -32.32244, -8.04029, 17.40358, 4.95612, -24.03401, -57.77609, 26.06159, 36.59200, 118.81335, -11.81058, -147.42458, -60.87738, 19.76147, 54.79398, 76.18204, 43.63184, -18.77392, -85.48550, 134.37730, -83.54706, 37.23268, -2.64109, 6.64972, 5.55293, 83.33456, 38.06047, -91.00766, -87.70843, -24.01900, -4.21681, -93.55055, -37.47512, 69.46920, 10.64286, 58.18289, -3.76467, -29.90303, -45.73677, 104.40112, 73.71378, 179.94206, -96.94413, -89.49954, -116.04207, 97.66624, 31.98832, 0.87428, 22.34920, -4.61618, -0.20551, -3.22128, -10.12057, 57.49200, -19.37839, -112.13471, -65.40583, 44.45692, 23.51346, 1.67581, 166.19524, 37.93896, 29.93421, 32.90334, -77.25336, 28.46582, -127.99393, -29.77741, 174.15197, 51.04667, 2.07175, 11.00578, -162.63951, 56.59553, 167.42679, -160.73674, 137.30298, 1.71551, 6.14708, -167.01660, 67.58564, 144.17987, -22.54869, 55.06893, 76.90586, -167.39627, -64.32578, 2.00089, -54.95368, -14.04409, 19.74753, -8.78928, 147.27876, 165.08887, 48.78834, 1.94689, -22.80199, -6.68929, 54.80261, 153.05180, 153.63970, -160.58664, 48.47137, 161.01389, 31.74781, 15.30697, 46.37982, -33.58523, -43.84408, 6.97190, 5.03010, 125.41169, 125.70178, 7.03778, -119.11814, -20.34053, -29.67523, -26.67768, 84.97854, 148.68368, -18.80516, 24.98307, 23.45925, -0.04864, 145.10229, 158.06712, -66.23618, -4.62735, 157.62562, 59.55860, -15.40061, -20.34384, 49.48833, 164.61458, -46.57319, 35.77289, -21.71175, 31.01378, 74.86394, -167.62310, -24.38015, 179.19260, 123.43030, 8.36183, 82.08110, 29.85703, -70.90121, -82.10895, 11.71209, -39.96833, -10.60030, 11.67157, -64.75519, -130.77909, 118.46284, 68.98971, 97.79215, -15.40475, 
 | Execution: 4  Overall Best: -84.9133 -> -148.1745 GPU Time (s): 2.67588306 and HJ Time (s): 66.72929811
 +==============================================================+ 
 | 5  -- Promising region found with value: -86.007172.
 | HJ uses 150058 / 150000 iterations [0.000626578748217797862687938881].
 | 5  -- Conformation 
 | 153.19786, 5.15706, -135.44937, -20.30776, 112.55224, 62.03463, -29.48452, -51.95674, -81.04650, -13.28351, 1.31565, 0.48550, 2.90879, 8.82816, -44.23705, -127.27330, -36.87422, 38.20925, -8.58939, 40.40161, 126.47748, 144.86530, -13.00570, 6.99681, 20.03674, 70.32465, 20.34607, 8.26967, 72.89417, -21.59294, -56.41806, -48.04532, 0.58854, 86.52123, -52.92024, 97.06258, 42.00054, 131.72502, -92.56326, 112.42590, 39.47734, -82.37858, 14.49668, 43.57244, 14.27281, -52.81634, 5.79770, -129.47740, 117.81926, 74.18693, -36.81612, 28.69477, 169.45689, -55.85160, -15.77489, -27.28852, -139.64985, -21.24591, 86.74125, -9.31031, -43.47052, 35.66181, -12.57144, 83.75131, -33.88923, 64.76908, -34.13491, 8.42085, 14.28290, 10.82049, -38.48460, -151.22900, -31.65769, 1.09428, -70.28847, -32.62136, -28.89381, 38.72334, 44.48982, -6.03998, -39.58510, 47.27717, 4.94920, -4.55447, -26.34470, 35.32727, -38.00975, -0.76956, -16.08212, 5.25078, -98.56785, 58.14951, -136.99776, 43.98298, 33.93797, -0.83424, 62.46484, 10.66269, -4.64522, 176.75865, 43.70123, -27.59453, -140.00314, 171.59399, -19.61908, -49.28646, -3.46947, 95.84265, 139.41663, 138.00315, -28.56202, 38.95746, 14.89276, 141.90810, 154.80234, -64.42542, -40.36307, 154.17451, 39.23206, -12.50281, 5.33772, -20.59295, -17.07758, 3.03605, 128.71693, 8.70511, 27.36050, -82.34946, -55.67700, -38.88930, -153.72174, -149.07682, 16.15674, 135.72798, 2.58526, -1.57359, -38.27422, -36.27914, 77.80263, -16.21480, 112.61753, 161.36485, 60.66023, 41.43981, -65.45259, 155.29359, 41.52375, -142.51754, -46.14243, 9.88733, -12.22106, 2.16174, 158.03735, 43.46133, 115.62917, -1.66326, -144.29310, -16.29593, -173.17610, -153.77845, -72.52647, -32.71260, -50.19800, -50.21332, -127.81110, 153.44426, -174.40335, -58.70395, 45.88919, -166.90582, -51.13399, -11.41013, 167.76706, 139.26372, -119.55583, -110.68235, 21.82033, -77.70841, -85.24718, 16.80670, 11.83592, 178.56260, -87.94384, -5.62496, -69.06471, 16.54254, 138.35509, 156.25155, -36.23880, 37.21769, 158.73272, 
 | Execution: 5  Overall Best: -86.0072 -> -147.0532 GPU Time (s): 2.19058472 and HJ Time (s): 66.73267817
 +==============================================================+ 
 | 6  -- Promising region found with value: -78.155930.
 | HJ uses 150229 / 150000 iterations [0.000563920873396018141471275342].
 | 6  -- Conformation 
 | 112.07106, 136.61527, 10.70378, 121.50312, -8.56595, 122.87785, -107.44436, 61.29701, -10.35608, 60.45838, -2.02203, -37.17968, 26.66587, -23.96512, -15.55318, 90.91954, -7.18400, -106.23398, -14.87032, -0.43972, -132.81978, 39.67820, -91.12779, 153.98489, -7.50540, -31.06365, 63.78248, 130.07870, 36.51180, 53.63639, 9.45935, -48.36593, 37.96973, 143.37642, 46.65587, 90.99868, 37.67905, -63.37306, 54.91085, -6.05598, -39.65469, -0.45932, 59.35800, -12.04164, 18.05854, 81.72844, 125.17355, 51.55798, -118.92591, -39.35092, 2.79760, -125.10599, -73.97146, 87.56505, -3.47248, -130.56046, -51.93369, 126.00774, -36.27013, -57.76910, 12.46848, -78.22299, -144.64954, -6.39051, -3.28667, -7.91250, -60.32603, 12.13640, 82.85712, 67.78431, -22.35697, 100.16023, 120.46958, -7.81978, -37.33696, 81.72768, 73.16256, 134.05866, -107.56873, 20.75250, 1.19877, -3.05536, -2.86458, 1.47242, 6.49303, 17.63051, -21.92404, 82.96597, -40.76025, 7.99477, 10.83968, -11.94110, -28.25237, -7.36742, 42.99897, -23.08150, -116.44682, -176.35101, 174.23378, -2.57902, -54.00973, 1.27734, -67.11544, 34.45103, 29.07114, -19.60792, 4.91200, 133.70939, 155.59563, 129.24227, -37.80899, 32.39083, -116.21450, 26.38335, 55.02310, 0.53758, -176.07653, -15.61940, -14.93854, -95.09576, -21.50746, -42.00358, -40.61741, -165.93029, -147.11083, -21.66148, -145.96825, 39.97462, 28.24184, 63.26821, 3.81686, 3.94876, -24.85043, -145.11516, -116.92082, -25.45364, 55.32745, 15.55664, -135.70728, -29.63568, -175.38673, -160.35129, 76.69659, 112.62380, -18.64884, 86.75998, 8.28440, -73.55761, -70.12840, -87.18001, -20.14281, 129.15435, 23.39804, 44.95072, 114.86478, -142.89208, -37.81822, 60.94886, 54.36580, -59.11865, -61.80890, -27.10841, -28.09879, 17.87190, 66.37145, 9.13950, -58.87797, 14.96906, -153.49594, -33.11441, 0.19230, -7.17477, -155.87387, -9.61146, 70.94035, 11.76360, -100.71847, 0.58502, 20.57665, 121.05646, 58.66235, -41.42697, -19.84862, 128.82744, 140.63107, 80.83693, 76.29679, -36.55162, -94.56102, -1.93908, 179.16276, 
 | Execution: 6  Overall Best: -78.1559 -> -158.6274 GPU Time (s): 2.22441479 and HJ Time (s): 67.06961679
 +==============================================================+ 
 | 7  -- Promising region found with value: -99.707169.
 | HJ uses 150067 / 150000 iterations [0.000773554010145429500264202538].
 | 7  -- Conformation 
 | 106.13402, 157.04606, 89.14944, -60.08280, -41.82073, -72.94623, 168.28328, 7.52787, -91.38499, -22.83233, 53.18072, 55.82303, -17.71873, 51.37936, 23.76372, 101.92413, 69.03164, -44.94418, -74.87625, -52.09614, -43.58054, -176.51260, -27.01510, 39.91971, 13.53315, 89.81390, 47.66505, 79.88863, -28.10136, -88.24206, -11.98913, 57.27664, 49.63197, 7.60869, 38.70957, -43.71794, 18.21168, -8.39962, -45.50766, -53.02515, -80.59701, 86.77760, -4.43055, -24.14381, 62.44699, 1.92343, -80.29130, 120.03667, 58.93565, -60.56762, -27.47370, -148.15450, -65.99592, 14.33648, -75.31326, -7.87750, 105.52409, -91.44707, -35.67364, 32.16268, 20.89852, 62.01516, -59.80268, 10.50145, 117.27058, -23.98601, -63.68456, 0.09002, 100.47238, 137.79469, 103.47682, -25.44709, -82.54537, 28.72951, -8.98867, -78.94867, -17.13914, 87.35258, 101.27872, 149.63208, 32.48135, -66.33881, 18.56629, 5.46383, 1.80388, -12.29560, -0.03130, -79.66809, -7.75303, 36.94639, 73.79733, 38.59950, -81.11807, -10.20319, 3.26493, 162.88304, -131.48085, -53.57489, -6.47226, -4.59730, 68.98084, -4.91668, 71.12108, -21.30706, -20.46566, -130.99989, -178.68116, 40.66903, 38.73026, 113.56296, -20.09490, -11.67686, -1.77041, 28.38755, 85.66959, -159.65423, 7.52200, 170.68850, -54.32663, 27.32299, 16.97504, -42.35492, -118.34249, -138.83260, 143.56931, -22.59556, 4.56843, -111.57058, -27.25288, -148.20667, -118.10777, -163.42717, 94.04975, 52.36170, 35.82272, -25.99531, -39.32079, -53.46453, 58.67268, 3.19110, 144.50387, 25.55215, 49.15357, 33.34605, 2.89474, 110.06201, 5.16701, -63.20587, -114.21081, -25.74550, -12.91903, 48.70919, 41.84981, 127.42026, 81.63770, -32.78432, -76.28806, 7.99719, 11.24350, -33.65536, -133.81597, -66.74200, 3.51129, 46.43916, 40.19994, 6.43190, 43.48442, 5.91824, 1.99801, -111.27998, 10.46834, -28.61749, 22.93005, -16.13875, 47.95502, 42.44156, -23.11512, 41.30974, 69.45810, -32.15329, 25.79286, 131.36622, 14.30417, -41.78675, -59.72644, -3.67711, -64.45927, 10.60881, 70.96998, 77.23832, -10.86403, 
 | Execution: 7  Overall Best: -99.7072 -> -169.4171 GPU Time (s): 2.29249121 and HJ Time (s): 66.89997005
 +==============================================================+ 
 | 8  -- Promising region found with value: -113.221779.
 | HJ uses 150176 / 150000 iterations [0.000563920873396018141471275342].
 | 8  -- Conformation 
 | 165.79697, 112.10065, 107.24997, -0.11280, -64.97168, 3.49982, 92.20326, -47.56361, -44.85112, -78.70898, -27.67101, -23.23679, -5.61371, 123.61652, -14.17161, -51.65519, -88.27216, 19.37397, -10.20327, 154.18424, -0.36758, 31.16893, 126.66661, -4.84437, 21.93203, 64.49265, 18.30782, 22.00462, 26.85736, -17.79595, -1.09426, 88.59295, -23.51280, -22.71736, -85.93880, -33.93481, 1.27014, 8.81106, 0.41046, -12.27894, -123.69676, -2.40806, 2.11056, 116.15368, 48.94342, -15.04629, -9.55889, -19.62460, 52.09477, -66.26017, -23.73016, -11.48197, 8.48900, 47.98873, -72.25101, 25.07318, -0.37295, -143.71705, 78.54398, 3.25526, -69.77852, -89.51399, -88.58272, -124.13510, -18.05628, 9.88168, -54.49840, -29.68524, 80.00995, 0.05768, 50.85913, 110.63200, 26.22939, 85.00253, -55.41091, 75.72205, -100.78487, -52.94677, -80.93880, -2.94179, -0.62454, -20.71462, 1.19654, -68.59027, 31.97348, -88.91601, -16.93496, -5.11918, 162.48360, 3.62939, -71.52433, -2.12144, -12.57578, 138.47966, 77.92462, -66.87819, -135.04678, -36.16726, 12.10321, 12.05259, 57.26965, 25.61733, -140.15034, -27.41111, -113.95329, -63.15006, -18.07685, 80.47304, 49.84041, 100.96108, 162.47260, -84.70968, 17.00462, -98.09317, -66.25276, 135.08187, 150.98823, 22.46977, 24.71022, -23.97510, -7.38210, -26.82172, -60.15085, -66.60593, -130.48529, 117.68361, -7.92947, 40.94931, 10.75382, -119.15154, -128.42230, -153.55921, -53.45908, -48.39055, -73.88646, 15.55276, 25.82906, -3.52572, -1.28794, -32.89063, 176.49674, 147.24722, 35.43464, 110.52314, -33.29813, 20.83260, -27.13769, -2.27107, -6.13215, -33.96272, -20.81406, 92.66175, 27.06306, 26.39632, 107.86349, -19.15367, 27.21368, -82.55528, -15.92508, 71.05419, 57.03429, 69.07641, -18.16010, -52.58596, -67.01523, -110.39909, 13.61792, 121.42695, -7.12684, -102.75806, 34.45420, 115.51364, -2.92680, -2.15321, 142.00198, 81.36880, -31.28079, 71.50845, 156.39622, -52.18365, -73.13740, 7.39191, -82.91497, -14.57184, -146.61806, -131.21128, -41.37251, 70.97884, 38.98348, 32.96082, 24.12769, 
 | Execution: 8  Overall Best: -113.2218 -> -152.3576 GPU Time (s): 2.66890039 and HJ Time (s): 66.65771008
 +==============================================================+ 
 | 9  -- Promising region found with value: -78.459793.
 | HJ uses 150177 / 150000 iterations [0.000696198609130886550237782284].
 | 9  -- Conformation 
 | 22.32130, -101.24762, 28.55947, 156.39648, 29.17160, 92.46811, 38.48598, 82.30812, -32.63319, 26.10185, 34.52858, -6.92453, 3.13624, 44.75084, 0.24279, 66.30539, 6.01342, 167.43048, -8.34139, -79.99072, -10.39811, -1.43711, -18.63133, -24.13896, -31.67240, -68.12440, 78.80317, -59.64661, 36.09780, 68.20746, -38.48385, 53.19309, 44.80212, -4.50135, -89.63960, 119.11557, -6.72265, -15.45443, -53.65649, 150.55666, 6.06978, 82.39007, 105.28506, 145.01037, -162.28292, -43.39625, -37.36928, -95.46585, 112.35504, -22.79823, 79.81722, -9.59105, -67.82918, 87.32894, -48.38822, 5.63890, -4.99197, -60.16868, -49.07868, -2.47905, 13.10333, -97.56206, -37.91492, -78.65070, -28.92657, -20.03140, -85.62622, -104.51028, -60.96930, -86.99957, 55.39045, -83.69968, 3.47815, 91.24392, 3.44986, 174.03297, -29.90561, -10.88383, -46.36792, -5.11341, -179.56342, 5.18768, 61.65191, 89.60408, 12.24088, -147.50435, 60.27194, -3.05479, 54.83526, 63.31015, 155.37751, 53.24256, 0.85506, 46.09574, 135.52416, 4.64699, -40.27269, -110.06215, 33.50399, 138.33406, 6.53260, -117.54531, 3.80571, -36.69458, 63.84133, 15.94846, 91.64904, -8.67323, 23.14816, 80.58907, 25.27405, -87.92155, 21.07953, -88.69993, -169.27504, 39.49914, 90.89917, 112.91906, 0.88980, -21.79764, 29.69913, -132.21248, -145.05403, -78.12857, -109.52305, 163.41985, -27.76206, 84.36689, 92.37568, -158.46741, 1.90489, 147.73192, 46.27095, -11.29722, 138.47528, 8.62620, -141.47217, -153.86076, -32.29678, -139.47442, 177.21452, 101.11843, 151.24511, 37.19194, 15.09264, -1.09055, -100.05806, -3.01829, -174.90479, -129.91569, -48.25287, 60.22563, 47.01316, 131.19236, 46.97527, -60.41557, -96.49917, 153.00469, -162.19512, -26.95714, 60.46175, 146.90164, -127.24291, -28.94868, -11.28169, -117.54970, 176.95845, -102.37061, 23.18812, -116.06065, -176.23589, -2.61662, 112.25734, 67.81219, -39.57514, -126.31197, 58.96286, -29.81971, 18.49380, 178.38687, 19.00678, 52.57703, 164.58812, -134.07997, -65.18190, -33.26167, -22.36754, 92.29465, 149.30105, 19.53679, -83.42059, 
 | Execution: 9  Overall Best: -78.4598 -> -156.8519 GPU Time (s): 2.26424414 and HJ Time (s): 67.33524704
 +==============================================================+ 
 | 10 -- Promising region found with value: -84.519157.
 | HJ uses 150001 / 150000 iterations [0.000859504455717143901229138070].
 | 10 -- Conformation 
 | 62.14459, -101.83354, -37.57257, -112.68425, -48.76964, 3.44984, 60.05229, 37.63166, -139.95159, 3.60782, -39.76792, -17.64433, 47.46306, -67.98388, -94.84796, -13.96345, -0.82573, -52.50004, 82.07652, 49.22678, 81.41547, 44.04700, -106.38127, -14.85320, 169.33110, -135.86859, -51.10497, 36.82503, -54.81510, -63.19572, 38.79374, 17.13886, -13.78868, 23.29718, 118.85705, 25.26251, 78.15380, -5.45152, 36.38686, 66.73589, -12.03759, -13.62718, -41.89302, 104.81493, -69.19594, 83.08935, 162.41963, 41.74054, -12.47038, 56.92184, 1.80218, 9.33588, 46.52157, 1.28987, 71.24393, -126.05688, -53.21030, -29.07635, 30.57270, -1.77524, -31.70239, 36.26383, 165.63224, 107.25285, -179.54083, 155.94900, -149.18340, -89.69370, 5.42234, -26.33810, -0.15146, 117.54053, -9.90804, 4.66307, 21.54576, -68.05532, -60.46626, 59.66524, 90.72769, 91.96847, 94.21552, -5.17002, 41.85404, -15.03870, 5.75201, 42.98744, -2.15018, 81.92598, -164.13993, -27.39445, 17.46195, -7.44736, -41.59664, -141.23316, -72.89222, 39.18503, 67.03461, 174.40199, -16.16461, 13.04152, -19.07929, 102.00833, 171.45178, -60.89576, -0.33161, -8.59704, -15.12158, -147.12349, -21.31645, 19.90349, -121.24423, -6.49722, 42.01798, 11.55889, -26.31800, -144.95629, -132.35776, -22.68460, 83.63354, 27.31011, -9.86683, 29.59218, 7.05211, 137.51766, 109.81792, -29.64390, 65.62824, 109.09905, 147.83325, 53.08746, 156.46056, 159.07772, -13.46431, -18.52719, -26.54505, 44.13971, 157.20934, 68.72261, -139.89496, -12.12097, -51.74236, -58.41115, 6.33447, -30.86023, 167.00948, -92.24242, -142.24143, -82.57578, -70.06957, 6.22404, 155.38840, -16.32748, -113.31890, -164.85452, -73.36198, 38.53916, 103.63861, -167.11724, -134.28852, 13.96603, -3.01647, -73.71154, -0.05573, 73.41692, 43.08909, -1.18005, 24.12898, -172.51246, 141.43471, -103.94678, 24.58485, 47.90117, -0.93954, 13.99104, -2.42402, 52.67895, -20.48421, 73.83045, 22.19404, -72.51621, -128.89292, -13.40260, -135.32666, 20.76692, 166.93997, 100.31687, 50.33280, -61.57149, -21.65410, -3.30204, -6.73418, 
 | Execution: 10 Overall Best: -84.5192 -> -170.1983 GPU Time (s): 2.21923022 and HJ Time (s): 67.25061679
 +==============================================================+ 
 | 11 -- Promising region found with value: -104.870056.
 | HJ uses 150073 / 150000 iterations [0.000507528786056416392376278157].
 | 11 -- Conformation 
 | 61.74748, -50.89077, 34.07181, 47.00596, -54.22245, 51.43530, -73.86152, 18.66807, -117.51025, -14.89348, -80.68826, 6.30468, 83.19305, 79.59744, -23.33729, 94.72801, -18.02113, -71.45601, 0.19245, -40.79804, 1.00181, 110.39291, 47.87142, -26.67112, -22.61648, 108.63171, 42.62046, -17.43234, 46.53748, -141.78270, -8.37397, 172.59027, -118.55546, -179.38124, -139.84600, 143.11268, -64.00984, -6.13879, 5.92303, -9.35522, 91.91015, 23.87156, -85.40768, 7.04734, -76.31325, 26.95462, 88.41936, -29.82724, -44.78466, 38.51374, -13.46036, 91.37098, 31.54978, -143.37278, 20.28373, 145.76832, 9.93771, -79.86813, -115.33539, -101.97047, 42.29119, 49.51038, 88.73101, 56.56207, 65.73571, -83.64056, -125.68403, -18.08589, -111.74900, -0.86137, 58.71278, -109.43635, -6.14140, -44.62664, 70.76122, -7.17542, 109.94719, -36.84994, 10.05745, 84.09688, -97.78687, 7.62257, 56.87984, -2.73491, 49.42199, -75.20067, 14.95063, 46.04201, 32.22293, 5.11150, 70.55030, -39.28133, -17.00430, 3.56292, -10.55322, -72.65478, -4.55771, 72.55189, -172.89065, -47.66360, 132.97383, -53.92866, 27.70655, 21.73566, -58.43122, -38.86192, -126.04294, 5.69116, 36.65846, -176.01945, 3.28636, -9.15763, -53.75775, 36.56063, 11.12749, 135.49413, 7.55463, 17.70021, -138.66557, -143.25626, 5.79341, -14.59690, -79.61802, -137.65130, 43.92190, 6.39825, 151.70401, 3.15332, -29.12919, 15.46925, -25.74314, -161.26229, -47.53473, -18.65709, 26.66000, -101.61997, 18.42844, -142.23383, 146.56156, -154.28554, 80.62506, 45.05101, -4.54565, -42.07760, 155.62488, 27.89428, 178.50405, -140.14256, 34.26360, -168.42233, -55.75519, 3.68275, -50.90579, 49.65415, 45.89861, 10.88990, -49.20379, -168.58922, -100.17573, 7.32099, 164.81861, -119.89644, 0.17999, 58.82081, 100.42571, 98.67742, -31.60059, -73.23863, 3.42503, -21.67144, 100.10322, 114.93512, -46.62931, -73.82148, 27.14219, 163.61524, -152.28296, -32.85870, -38.38598, -157.33650, 37.96674, -22.08975, 10.76387, 24.40748, 37.40910, -58.79134, -110.76445, 137.90204, 77.13633, 135.97309, -3.87286, 
 | Execution: 11 Overall Best: -104.8701 -> -164.7649 GPU Time (s): 2.39874951 and HJ Time (s): 67.44457984
 +==============================================================+ 
 | 12 -- Promising region found with value: -69.929199.
 | HJ uses 150226 / 150000 iterations [0.000696198609130886550237782284].
 | 12 -- Conformation 
 | 78.58134, -67.16244, 11.08941, -62.94557, 4.43466, -67.50554, 107.79121, 30.51320, -43.20290, -62.38528, -4.44068, 1.99152, -15.30036, -5.84491, 47.02253, -71.81897, -7.63563, -110.15176, 6.56509, 3.52406, -30.65208, 163.71482, -50.95058, -171.67342, -131.34004, 36.72241, 21.66197, -7.07409, 145.77844, -69.06991, -93.82640, 7.40893, -39.78367, -22.52819, -26.39297, 12.54122, 1.33083, 76.11388, -56.89015, 100.34209, 11.05976, -54.29813, -32.20670, 35.59610, -13.97630, -48.43674, 91.20090, -167.47647, -150.74050, 157.16025, 156.12568, 42.07001, 20.44887, 1.94151, 9.07959, -95.26825, -21.05240, -9.09332, 20.92606, 111.64472, 30.26762, -18.77163, 14.91806, 12.44160, -98.65436, -12.60397, 120.18743, -3.00920, 113.92853, 102.16130, 18.19726, 114.26584, 28.44515, -31.63974, -73.92371, -7.26554, -41.87837, -29.54572, -61.70428, 2.19500, -31.18188, -2.82088, 26.75769, -42.16857, -10.82251, 114.60268, 7.25370, 3.05944, -19.82407, 30.24326, -64.84184, 17.77016, -81.49087, 74.03330, 46.56550, -22.91379, 62.57208, 162.71296, -7.18819, -27.56243, 47.33663, 19.36422, -34.46583, -93.66570, 19.94360, -38.63613, 12.15782, -80.95853, -19.64665, 12.91403, 19.59171, -86.93250, -170.30089, -164.53163, -92.73231, 20.15871, 147.60324, -26.27826, -4.28144, -25.77956, -170.74975, 153.61365, 161.79860, -6.61079, -141.07357, -25.43553, 178.30219, 54.31818, -13.39468, 97.96491, 113.35614, 107.85684, 40.54687, 144.23734, -36.00704, 145.40223, 58.85994, 58.01912, -38.83557, -20.70393, -143.33744, 36.95404, 48.35918, 37.09504, -62.20082, 32.53605, 34.16049, -28.68454, -32.46076, -37.88917, -127.36251, 137.29794, 100.18132, -146.90452, -22.61310, 127.35337, 42.12384, 34.07426, 116.23264, -36.70436, -35.09608, 147.11389, -32.48535, -37.22107, 33.75610, 75.70235, -21.51935, -8.20752, -149.98207, -21.87342, 178.02040, -124.30711, -8.23032, 14.79158, 34.18133, -19.73799, -137.84270, -73.03665, -127.65655, -167.61439, -3.28963, -15.94267, 71.51513, 122.19586, 77.66515, -20.77824, -37.44097, 130.73370, 127.46122, 28.82323, -164.97858, 
 | Execution: 12 Overall Best: -69.9292 -> -158.3070 GPU Time (s): 2.26762134 and HJ Time (s): 67.26585197
 +==============================================================+ 
 | 13 -- Promising region found with value: -83.073181.
 | HJ uses 150270 / 150000 iterations [0.000332989636531614858344640950].
 | 13 -- Conformation 
 | 97.17029, -18.08614, -10.32082, -80.93655, -65.97603, -26.97182, 83.81702, -68.84924, -48.45236, 45.14303, -18.56657, -137.85474, -37.35083, 171.54272, 22.55262, -64.05818, -24.98266, -101.29789, 143.41413, -16.16318, -113.95282, -3.25634, -94.13864, -155.20260, 21.00311, -115.77373, 4.64853, -22.38067, -105.32342, 126.16384, 21.23898, 44.82614, -6.53265, 51.07793, 163.70245, 133.07966, -87.16779, -7.64431, -55.44864, -40.95984, -145.84295, 27.28138, -31.60477, 35.72090, -2.23488, 154.95627, 51.40834, 0.38323, 12.24785, 84.34070, 7.78118, 1.05385, -2.45866, -3.37026, -9.34577, -65.32536, -0.19896, 113.30370, -175.71098, 125.89982, -6.28220, 32.41970, -83.75896, 49.37035, -51.43763, -95.81259, 3.58267, 21.26825, -7.41184, -68.15300, -41.14157, -5.74719, -144.33882, 108.11788, -60.52923, 113.11411, -175.24003, 83.64526, 2.82735, 77.38413, -116.10621, -49.52219, -35.97249, 19.98338, 3.85252, 22.63550, 85.50181, 0.26669, 96.00106, 7.01577, 119.53548, 35.45097, -55.70581, 9.75461, 41.87656, 14.84808, -1.42887, 98.06579, -18.01387, -73.68450, 36.60596, -10.18605, -54.52860, -166.37526, -45.31554, -131.49554, -14.39175, -0.27979, 118.79838, 19.28674, 129.59133, 7.64558, -13.66741, 63.39886, 34.44651, -34.38833, -148.86048, -29.21464, -176.47553, 22.22270, -170.13605, 68.60000, -20.35849, 29.86260, 121.39090, -36.75115, 5.63960, -116.18688, -166.09040, 172.04269, 146.41946, 7.39448, -135.83848, -154.04155, -143.27821, 179.15115, 21.00478, 0.57707, -164.95483, -52.94072, -10.96819, 157.65035, -90.26514, -101.35924, 153.21650, -119.96925, -48.68996, -111.91819, -120.67654, -8.88004, 15.84246, 177.33573, -71.78246, 25.73130, -23.58070, 90.24061, 40.13515, -5.11276, 119.49665, -160.39032, 158.22806, 61.48720, 64.21971, 69.30752, 57.63493, -3.46368, -126.13840, -10.98643, 27.75735, 39.19234, 36.62279, 35.39075, -25.79092, -54.93323, -29.64409, -161.54976, 0.52958, -106.98574, -115.38274, 149.08759, 116.48585, -0.05869, 107.18259, 157.21281, 35.55320, 151.88764, 118.07376, -158.10269, -164.51822, -168.71990, -54.42265, 
 | Execution: 13 Overall Best: -83.0732 -> -151.9703 GPU Time (s): 2.16129224 and HJ Time (s): 67.41395593
 +==============================================================+ 
 | 14 -- Promising region found with value: -106.907333.
 | HJ uses 150206 / 150000 iterations [0.000563920873396018141471275342].
 | 14 -- Conformation 
 | 106.52226, -56.81044, 44.59887, -19.76105, -11.38229, -121.44249, 2.20520, 60.12394, -8.96747, 0.59856, -60.94124, -79.92590, 9.14299, 95.44842, 33.15591, -13.89835, 127.26558, -40.17172, 55.66119, 64.46040, -67.81465, 0.85749, 74.14787, -15.54554, -9.76864, -20.43710, -0.24712, -22.15857, 130.24296, 7.21696, 125.81431, -1.23972, 3.29347, 170.89356, -38.65617, -23.84103, -10.29984, 5.79747, 26.27774, 44.10713, -68.23311, -9.47655, 4.01831, 73.51149, 9.69371, 15.37976, -35.56217, 59.85008, -73.46000, -17.60621, 4.30158, -107.08971, 29.03198, 23.45003, -17.80011, 113.46015, -73.95147, 12.51589, -0.49152, 147.58974, 64.79392, 18.36233, 32.79517, 135.64674, -9.06334, -4.74168, -2.36165, 67.75492, -25.39596, -175.55363, 105.06085, 4.60034, -70.92258, -0.71824, -26.27837, -176.13348, 89.59564, 38.03437, 6.84720, 153.22941, -18.81622, -43.24075, 86.75069, -3.56417, -14.71308, -156.13784, -86.90769, 6.01718, -11.39904, -8.62251, 159.07588, -83.28476, -22.88066, 50.47416, -27.66050, -1.13328, 80.83431, 167.26370, 3.90221, 18.54401, 23.78689, -96.32944, -27.23226, -27.99824, -142.99560, -51.29255, -10.56193, 103.53963, 47.33483, 58.90178, 86.41426, 35.12491, -159.50250, -48.18948, 35.25588, 13.13051, 125.86787, 117.77011, -28.40035, -54.46774, -3.16811, -97.04088, -178.51264, -50.04303, -10.46496, 54.10035, 20.28484, 134.08874, 49.59360, 13.26508, 12.39170, 54.95960, -46.23276, -0.89170, -20.51365, 2.07042, -131.51907, -170.96458, 18.39629, -86.13442, 27.53719, 17.88389, 5.53238, -111.63367, 11.91463, -90.21141, 1.48760, 98.93326, 79.67825, 136.59443, 126.12811, -57.03016, -105.61074, -8.65212, -158.78888, 47.74793, 140.05752, 32.74325, 15.19878, -77.92344, -94.56505, -77.24796, 2.49717, 100.67032, 37.61870, 34.97990, -23.07490, 18.10018, -40.53786, 42.97574, 47.25339, 28.94458, -80.19313, -46.12865, -15.05907, -104.27014, 10.08530, -112.39108, -7.26484, 69.65534, 34.16982, -55.96537, -169.78371, 109.79082, 86.70361, -154.17879, -2.69505, 136.08920, 27.52063, 73.47013, -170.73961, 
 | Execution: 14 Overall Best: -106.9073 -> -169.4113 GPU Time (s): 2.50532544 and HJ Time (s): 67.18163395
 +==============================================================+ 
 | 15 -- Promising region found with value: -85.872032.
 | HJ uses 150195 / 150000 iterations [0.000563920873396018141471275342].
 | 15 -- Conformation 
 | 124.03960, 67.81551, 10.84757, -25.65990, -9.79787, -99.89772, 68.91060, 82.88081, -48.00566, -165.86837, 28.42045, -105.74052, -24.41853, 18.73886, 23.50853, -51.66164, 38.15116, 7.99373, -51.36449, 9.31032, 35.89061, 96.39794, 70.31059, -31.77212, -159.43561, -41.93047, 57.42307, 137.26834, -170.52349, 30.77744, 66.31069, -5.96335, 151.51029, -100.43084, -3.20130, 22.08029, -26.73344, 39.57937, -104.20428, -89.03329, -7.02046, -43.76330, 141.95507, 3.45173, 96.88520, 30.22976, 8.21996, -24.80521, -58.11946, -59.73732, 56.17211, 8.74790, 62.05958, -89.04834, -85.59068, 19.00512, 144.24300, -54.46368, 11.04392, -4.09176, 2.64540, 53.46298, 139.30674, 40.34892, -76.81093, 94.82178, -37.50327, 134.52991, 119.18111, -13.83485, -147.65473, 51.90702, 147.22823, -102.64120, -167.97842, -9.05373, -13.31447, 15.04316, -30.09980, 6.73979, -84.67655, -15.75372, -49.36718, 44.82548, -68.20163, -3.70148, 27.90313, -1.40514, 1.43131, -17.85861, -9.98085, -101.89906, 18.74570, 74.37641, -8.56137, 13.81718, 151.47590, 92.35766, -22.41635, -28.42999, -179.96501, 114.89938, 128.25592, -49.96250, 4.30361, 169.03765, 12.95060, -54.92095, -27.96816, -28.98774, 154.18827, -60.79691, 51.56329, -44.54372, -64.23618, 48.15659, 159.59093, -165.64376, 139.74324, 32.51784, 58.14856, 1.14343, -38.58264, 21.28262, 134.33263, 10.66573, 82.81060, -147.76289, -150.28791, 65.40955, 110.73931, 170.38554, 34.23440, -164.22616, 159.84017, -56.26473, 51.58186, -159.83757, -144.77237, 159.95980, -81.35151, -109.94552, 143.82347, -157.24257, -43.57520, -2.12551, -51.65808, -129.51848, 0.53546, 17.70368, 67.05414, -10.95018, -148.38067, -94.53601, -82.86325, 30.38324, -40.94724, 40.04986, 9.76608, 11.77678, 164.93758, 49.99096, -143.74319, -53.26994, -148.81833, -60.70560, -3.76002, 156.47152, -168.46871, 55.58882, 67.26058, 6.17871, -108.47443, -65.51646, -128.95661, -25.44364, 80.30021, -22.36015, -144.06289, 46.02262, 62.07130, -39.56314, -99.29208, -44.74264, -33.03316, 27.56530, 170.50532, 158.50189, 179.58242, 100.20705, -14.12814, 
 | Execution: 15 Overall Best: -85.8720 -> -156.2794 GPU Time (s): 2.20295361 and HJ Time (s): 67.29301906
 +==============================================================+ 
 | 16 -- Promising region found with value: -80.034096.
 | HJ uses 150487 / 150000 iterations [0.000369988485035127590266207376].
 | 16 -- Conformation 
 | 79.84656, 35.05952, -18.09378, 89.71228, 20.35836, 46.98416, -21.85422, 18.61760, 42.51440, 56.82198, 73.18039, -8.67077, -32.05129, 60.79009, 34.88576, 60.80744, 43.40195, 3.38441, 72.85884, -43.99361, 69.49579, -131.64942, -42.44702, -113.88182, -71.18901, -22.67947, -115.37914, 151.31071, 26.66678, -4.94435, 120.74651, 16.07457, -0.09475, 161.14698, 50.88884, 130.27137, -2.30493, 83.78296, -88.30004, -42.65621, 168.15702, 134.14918, -87.80140, -21.52952, 171.76729, 49.50850, 31.46538, 98.41215, 134.90503, 20.31110, -58.87636, 17.59348, -30.01244, 10.33809, 14.75741, -40.52900, 21.70579, -6.57937, 37.95090, -16.37214, 152.80245, -10.44240, 33.59796, 175.39952, 55.18423, -56.71999, -17.97219, -150.64328, -1.59840, -16.46675, -31.99758, -146.54504, 1.07128, -42.15396, -22.86992, 28.51644, -123.78595, -1.67052, 5.09084, 165.70551, 157.96884, 64.10600, 158.45948, -1.39748, 38.77915, -5.73700, -110.06826, 17.31299, 70.27270, -36.37418, -29.42677, 34.57869, -31.03891, -18.55016, -68.40873, -24.33269, 123.41415, -148.22699, 165.03637, 79.35743, -170.35743, 16.64192, -99.79350, 15.91138, 46.84864, 63.41025, 45.72483, -55.18657, -129.81089, 176.45229, -129.89007, -14.09113, -74.15847, 161.59648, 20.17806, -5.54304, -80.28007, -47.48780, 162.92468, 60.19971, 5.17191, -168.81134, 0.57034, 118.20168, 69.35772, -11.45683, -12.06014, -126.43950, 14.67588, 6.57160, 3.33385, -164.65211, 152.58517, -7.63849, -2.50824, -111.93939, -4.54289, -178.94988, -11.22632, -151.22341, -174.78193, -172.80282, -8.60594, -1.77314, -17.94940, 143.57824, 13.31930, -76.72253, -134.31988, -23.31306, 0.25427, 153.62446, -119.74050, 136.21697, -167.33645, -127.54500, -97.59367, 14.91059, -137.31937, 178.68886, 79.48602, -9.92401, 113.01816, 161.82629, 89.11558, -7.64541, 6.54174, -106.32329, -160.67089, 86.90505, 142.60945, 18.63122, -79.56016, 5.68826, -70.08624, -24.32169, 56.64084, -10.99157, -115.88153, 148.71265, -154.32172, 176.77584, 50.94547, 20.12304, 121.84186, 10.30835, 5.09972, -144.87123, -152.08992, -95.12188, 19.36046, 
 | Execution: 16 Overall Best: -80.0341 -> -163.7679 GPU Time (s): 2.18086914 and HJ Time (s): 67.70242500
 +==============================================================+ 
 | 17 -- Promising region found with value: -92.339447.
 | HJ uses 150086 / 150000 iterations [0.000507528786056416392376278157].
 | 17 -- Conformation 
 | 53.37883, 103.88991, -66.12509, 153.41468, -58.41931, -145.94441, -83.35053, -91.69211, -45.80472, -53.73218, -31.92026, -17.69930, -89.42855, -40.74535, -9.76698, 67.55337, -18.35905, -131.44249, 22.50371, -10.44814, 51.97101, -139.21682, 125.11219, -119.14322, -165.74075, 102.42589, 33.75060, -28.18069, 148.39003, -12.33133, 6.69426, -105.57002, -4.90497, 58.14963, 125.53840, -15.11831, 0.56074, -17.41250, 157.21679, -43.84556, -2.75216, 27.00248, -26.95939, -110.42324, -58.17676, -22.96421, -16.36453, 164.55331, 144.53922, -70.91293, -10.27051, 174.11888, -38.25012, 13.29209, 80.74979, -79.70442, 7.89835, 33.97289, 16.29884, -87.91624, 32.65944, -115.68507, -124.87563, 84.20605, 14.07391, 76.26654, -50.20070, 57.60534, 132.86390, 66.86675, -43.34777, -177.95306, -73.07302, 131.08895, 10.96994, 79.92125, -64.10130, -14.86653, -15.22232, -0.48731, 174.96568, -119.24963, -14.55988, 0.13919, -44.92905, -0.39974, 113.20110, 25.70462, -56.51704, 97.84391, 39.04872, -57.19391, -5.48479, -17.50164, -5.13240, 1.24608, -121.24637, -163.59252, -132.61353, -39.60538, 43.42299, -51.05220, 63.48600, 135.79290, 23.47999, 33.28257, 95.04548, -167.22482, -128.53953, -66.31024, -27.39633, -46.66729, 10.88504, -80.95468, -98.12027, 153.06902, 36.46898, 144.54798, -172.24608, 178.79275, -159.90928, -156.07025, -149.51558, -16.11463, -152.81854, -38.07742, -21.81561, 42.18913, 9.94897, -178.20124, -34.35738, -91.66102, 8.64701, -143.40659, -60.43975, 14.55798, 123.15355, 40.99298, -149.81340, 120.57298, -130.06685, -98.54313, -9.78746, 27.95082, 171.28320, 46.33255, -167.70387, -38.88661, -115.88543, -152.67262, -120.59155, 28.87240, 56.46588, 49.21897, 54.42706, -132.09414, -69.86842, -31.70105, -129.76590, 10.73640, 99.82806, 25.43405, 35.73863, -14.56922, -17.25760, -14.80003, -33.42351, -170.60754, -125.77694, 169.29639, -20.80580, -173.92056, 64.08938, -19.89754, 90.13217, 175.23020, -37.88722, 0.37921, 77.46046, -16.28005, -42.88600, -2.83173, -27.78800, 4.95508, 140.59767, -118.13909, -20.92679, 92.33220, 165.45545, 104.37450, -8.66276, 
 | Execution: 17 Overall Best: -92.3394 -> -153.8317 GPU Time (s): 2.22434204 and HJ Time (s): 67.26844239
 +==============================================================+ 
 | 18 -- Promising region found with value: -94.098328.
 | HJ uses 150303 / 150000 iterations [0.000507528786056416392376278157].
 | 18 -- Conformation 
 | -171.35836, -39.26015, -178.33767, 49.70514, 37.40655, -65.44565, -7.94254, -134.27331, -19.84628, -15.21281, -0.78286, -2.08534, -0.66855, 4.07264, 41.98146, -9.90947, -97.84417, 19.57613, -91.82895, -16.92083, 90.27616, 96.58287, -102.49425, 3.30571, -87.09323, 82.95033, -9.17424, -89.16152, -88.35064, 48.97488, 111.17001, -35.38068, 58.00656, 88.89307, 16.10788, -6.04307, 46.73761, -88.46565, 16.33506, -38.34579, 99.28171, -33.52206, 25.70745, -0.73808, -89.57702, -66.89946, 104.14249, 46.95216, 176.68802, -147.77772, -8.57149, -11.10446, -57.50127, 51.22791, -43.53461, 2.60001, 16.05209, -166.82915, -83.32866, 2.29979, 9.99927, -51.59379, 95.07034, -6.20691, -25.58886, -29.49980, 167.10958, 4.25810, -19.55346, -90.02720, -2.30421, 11.37051, -137.91933, 108.69763, -86.70946, 14.48947, -7.18530, 68.15993, 4.27039, 29.36059, -134.47365, -43.60641, -21.93807, 104.79191, 24.04654, -15.18522, 17.79015, -41.51328, 3.73105, 16.82563, -53.28879, -54.57653, 176.14280, -32.87325, -105.71198, 5.53977, -56.14385, -22.28554, -24.80373, -18.82957, 74.34762, -31.78707, -12.07009, 62.96798, -48.07193, -19.93733, -0.26031, -101.38943, -66.29430, -12.41395, -146.16514, -19.51920, -6.04894, 36.80310, -19.84457, 22.84289, -22.13739, -108.36087, 161.75760, 116.49267, 4.48952, 47.33156, -4.28874, 36.55014, 141.27286, -115.53826, 33.53337, -33.79975, -30.02375, -31.53717, -91.49894, -134.41502, 50.36561, 77.52959, 47.20055, 11.67100, 141.05719, 61.51770, -45.95315, -148.66048, -31.83669, 151.43906, 8.95488, 118.29681, -0.11155, 73.85913, 3.25454, 46.78328, 67.49262, -23.59208, 53.96656, 168.65616, -44.59317, 39.18776, 162.23571, -84.92033, -70.45667, 4.94591, -58.44022, 55.30227, 53.05155, 136.67692, 19.95782, -46.47739, -27.09568, -100.84886, 147.41741, 25.63116, -5.49382, -60.03084, 145.56999, 130.93019, -17.60901, -70.30373, 1.91878, -135.94367, 151.85650, -106.44128, -2.76780, -158.43026, -126.43465, -16.83327, -118.22567, 165.79398, -171.09683, 21.56448, 4.11710, -59.23915, -179.00054, -118.68960, 36.95297, 
 | Execution: 18 Overall Best: -94.0983 -> -145.8702 GPU Time (s): 2.67036865 and HJ Time (s): 67.28571200
 +==============================================================+ 
 | 19 -- Promising region found with value: -75.662766.
 | HJ uses 150036 / 150000 iterations [0.000456775907450774763980672066].
 | 19 -- Conformation 
 | 124.48804, 5.27616, 89.66219, -14.41771, 9.74389, 173.14540, -114.26963, -172.70244, -115.01637, -37.95616, 120.48072, -23.51574, -72.89485, -128.05010, 179.61918, 59.67843, -41.96314, 12.36612, -84.26830, -137.36896, 37.71823, -113.52315, -44.34466, 35.05646, -41.81391, -10.07692, -113.85130, 40.76653, -8.11456, -3.58807, -117.24022, -97.87572, -7.84470, 73.49835, 24.57592, -55.13692, -45.48944, 2.06158, -29.03299, 11.65098, 4.73189, 81.21972, 57.51337, 110.83883, 34.41818, -69.02370, 27.89871, -97.94427, -4.23152, 39.08174, -22.58351, -102.85580, -31.93724, -5.49485, -8.43131, -2.65864, 106.23257, -9.62845, 3.77528, 89.66922, -16.98606, -57.09637, -116.31289, 174.08011, 69.57276, -17.06639, 15.69213, 12.12061, -33.95312, 4.65661, -69.74915, -15.92360, 69.12405, 6.50045, 75.16452, 42.41463, -36.25238, 0.95515, -46.77034, -22.33396, 35.94771, -152.08577, -3.90595, 12.41466, 3.11620, -46.88670, -9.05284, 21.22424, 2.52666, -7.49624, 102.17704, -22.89289, -71.75046, 13.06953, -144.99947, 18.73488, 53.62779, -23.13256, 26.92808, 124.86260, 166.11431, -33.81051, -179.17481, -42.82141, -155.01541, -50.48856, -144.79061, -29.28386, 8.92049, 6.02984, -140.10562, 50.95843, -52.69310, 25.38563, -8.12568, 74.26321, 154.29064, 153.83121, -37.70525, -34.52986, -25.48343, 158.44010, 89.95997, 112.00064, 123.39677, -39.44459, 46.60134, -2.96605, -66.81543, -14.87801, -40.20019, 1.10751, 108.21770, 158.83071, 84.60228, 144.07289, -22.08841, 42.12132, 173.81747, -24.66941, 27.79158, 128.13901, 19.05791, 76.54354, -32.67372, -15.37616, -145.91860, 163.28411, 137.77349, 26.22652, 14.40921, -25.38828, -161.71483, -49.12053, -30.62062, 110.80504, 74.16256, 26.91334, 18.46533, -51.86378, -95.29469, -91.18987, -52.21855, -102.92590, -99.33557, 0.08376, -134.85511, -21.24669, -176.23422, 47.01581, -35.34620, -149.20112, 100.73905, 67.77319, -17.17965, 46.78630, 22.19605, 81.96960, 147.63692, 126.07377, 46.14270, 156.60075, 65.50037, -19.92969, 6.86067, -17.05486, -118.51412, 6.16229, 12.15295, 164.65529, 129.78328, 
 | Execution: 19 Overall Best: -75.6628 -> -144.1204 GPU Time (s): 2.21185010 and HJ Time (s): 67.19389796
 +==============================================================+ 
 | 20 -- Promising region found with value: -82.882446.
 | HJ uses 150095 / 150000 iterations [0.000563920873396018141471275342].
 | 20 -- Conformation 
 | 102.30620, 140.46436, 64.84005, 153.07906, 53.72353, 150.76028, -93.50499, 14.42046, 91.81445, -67.52992, -29.86361, -84.12434, 0.58441, 144.62543, -65.59355, -115.75697, 23.53143, 98.03149, 15.36195, 36.03574, -18.46798, -0.52834, -59.25911, 7.28819, 9.66094, -16.67418, 73.15742, -8.99592, -123.36715, 25.52130, 27.43109, -133.89166, -21.51457, -29.19335, 39.30144, -35.77561, -0.80381, 48.42510, -105.81292, 17.88935, 124.76462, 1.87224, -154.27800, 26.68229, 120.40314, 7.91993, -9.13045, -5.06878, 16.96718, -137.01340, -20.82705, -33.44142, 3.51893, 169.52656, 179.97682, -17.40819, 179.35425, -33.17396, 33.74538, 80.30829, -16.75203, -0.36346, 6.58023, 14.77163, -37.29238, 55.61130, -2.85487, 24.51032, 9.64599, -0.85320, -10.16583, -55.45744, -19.61135, 12.20312, 103.44916, 160.16961, 69.06915, 22.63449, -1.34630, -82.38205, -162.06369, 24.63866, -4.66128, -6.86289, 19.03131, 51.19370, 18.93783, 0.89132, 51.07710, -49.67300, -94.92420, -20.69118, 1.91895, 14.31463, -119.73643, -43.70764, -119.58632, -144.58747, 141.76117, 28.92373, -112.79015, -12.78207, 17.28636, 37.32427, 26.47469, 4.99689, 7.67764, -143.82357, 4.85273, 178.23729, 129.86828, 174.69264, -163.88231, -102.51011, -158.58424, 85.08610, 74.51525, 144.80722, -7.34500, -27.26117, 8.94169, -165.06367, 170.44491, 117.46732, 117.73519, -126.92293, 16.85244, -64.51326, -95.97088, -23.54010, -42.34009, -87.59210, 166.74038, 30.89794, -145.08335, -162.82654, 99.76464, -2.95697, 71.54510, -1.66507, -2.85443, 45.09669, -61.15204, -41.84532, -19.18281, -25.54222, 63.08694, 153.14753, 20.78730, 135.17658, 29.69924, 34.96113, -162.39753, -1.11543, 40.21658, -134.78076, -138.51364, -47.90274, 5.94958, 142.66481, 73.13446, 7.98310, -20.38774, 31.83306, 2.64051, 29.83851, 160.61812, -152.11688, -31.15985, 51.58339, -51.12961, -14.00096, 103.78295, 142.22479, -22.85197, 19.97092, 45.96782, 152.35309, 141.74028, 36.79814, 28.43295, -9.47240, -65.06327, -134.25394, -44.42868, 59.75195, 13.36995, -100.24399, -169.37295, 27.66559, -66.14329, 
 | Execution: 20 Overall Best: -82.8824 -> -159.1704 GPU Time (s): 2.23372900 and HJ Time (s): 67.12820816
 +==============================================================+ 
 | 21 -- Promising region found with value: -74.515152.
 | HJ uses 150036 / 150000 iterations [0.000411098316705697298424626585].
 | 21 -- Conformation 
 | 85.46224, -45.92758, -171.08116, 98.03109, -87.54990, 172.19354, -48.59284, -156.35821, 5.40028, 61.97345, -25.40930, 13.95362, 45.41363, 23.73416, 42.56223, 33.81503, -133.97035, -21.82710, 0.00746, -73.32264, -29.33688, -136.53092, -6.85812, 87.61008, 39.95153, 0.83321, -0.76184, 2.94674, 19.82090, -21.71325, -76.64269, -4.88277, 29.48260, -2.97817, -8.87801, 123.40180, -44.68124, 25.50621, 4.19472, -22.01143, 85.39295, -1.35186, -153.02729, -36.09846, 23.30542, 30.16768, -35.55128, -35.85976, -76.20806, -41.63014, 69.94046, 26.38937, 6.94941, -62.00190, 92.15220, 15.38259, -3.58514, -109.54936, 86.63866, 76.74488, -23.25475, -17.92453, 65.92437, 11.30566, -45.05740, -38.08006, 75.56983, 34.31333, -39.59998, -13.09500, 29.89691, 72.51173, -9.76652, -123.88435, -14.37025, 60.79497, -65.34275, 0.37674, -2.85813, 68.59035, -33.36396, -117.87944, 3.69994, -5.69315, -3.92052, -66.02617, -6.76555, -1.25117, 6.12112, -26.61693, 52.33208, 29.89269, -70.78613, 36.41744, -53.59887, 4.55937, -48.01965, -48.31798, 150.56459, -18.26335, 36.89097, 16.69012, -52.09091, 119.29010, 43.47540, 102.86038, 56.57504, -30.37741, -58.79057, -16.33017, -69.93184, 4.70181, -21.11479, -137.63640, -3.37562, 119.19736, 70.70593, 34.81220, -37.33768, -8.10711, 16.49077, -20.53031, -31.21187, -73.59782, -80.18254, 163.65865, -159.93422, -39.91895, -40.64161, 69.98715, -179.49285, 7.93984, 146.26009, 115.25686, 99.96758, -23.89536, 105.62975, 39.84232, -2.89743, 118.79755, 6.45611, -34.03151, -97.54752, -2.27442, -120.85931, 178.83680, -117.50306, -46.97255, -110.08568, 176.76931, -106.31329, 8.87171, 138.84875, 126.33024, 157.24301, -92.98635, -50.17669, 33.11517, 18.28608, 159.85889, 161.40385, 20.16229, 62.26428, 126.52865, -152.71359, -57.94188, 49.41817, 65.83569, 41.18729, 171.74022, -63.39996, -176.94149, -2.61566, -22.34946, 86.36460, 128.93726, -21.94158, 106.27147, 59.81821, -46.94088, -65.45628, 28.96746, 90.04125, 67.56933, 130.59335, -18.86073, -40.08522, 22.86909, 124.83030, 18.33120, -98.72292, 
 | Execution: 21 Overall Best: -74.5152 -> -135.5918 GPU Time (s): 2.21998584 and HJ Time (s): 66.75333881
 +==============================================================+ 
 | 22 -- Promising region found with value: -88.170654.
 | HJ uses 150060 / 150000 iterations [0.000563920873396018141471275342].
 | 22 -- Conformation 
 | 107.74022, -50.33992, 152.21283, -92.61556, -114.17226, -6.23011, 54.90108, 36.49501, 140.60242, 1.30460, 0.56729, 2.14875, 71.42083, 36.59251, 138.69354, -67.98975, 68.29134, 136.28943, 7.53390, 91.45842, 18.79575, 173.33629, -66.24137, -37.97732, 53.71743, -26.74277, 101.48501, 156.59640, 49.61736, -27.89535, 70.74809, 63.66316, 59.21648, 111.68754, -11.54063, 137.28317, -80.58020, -173.97093, -50.84608, -111.13300, -0.25635, -26.08037, -18.89018, -1.56330, 45.66355, 167.10598, -20.99744, -56.45520, 83.06795, -55.53937, 12.33753, -51.36195, 15.63723, 71.02755, -47.13748, 61.71838, -47.63969, -56.43752, -6.60898, -10.29517, -76.35101, 75.32467, -128.70270, -37.71282, 31.14939, 52.98519, 21.14819, 15.38263, 22.91159, 0.13806, 8.79989, -53.60885, -5.68817, -88.95179, 1.87759, -32.98466, 121.41715, -24.33235, 151.80673, 86.45497, 58.36347, -83.96381, 14.76076, -12.24583, 39.24815, -133.47326, -5.98237, 6.27055, -10.94209, -13.19678, -23.29631, 22.87620, 33.97040, -24.30800, 138.29237, 64.66344, 67.61829, 5.70787, 16.63299, 82.35168, -19.98039, -166.08869, -49.55390, 141.94439, 108.81121, 136.28379, 76.94946, -22.82536, -57.25557, -134.90661, -111.60007, -7.28689, 172.01976, -115.30525, -136.08495, 127.86931, 130.10510, 12.95743, 131.28518, -2.51202, -13.12714, 120.72443, 17.72576, 174.59816, 137.70539, -45.26589, 49.66185, -62.98104, -63.09512, -169.89081, 0.41843, -146.80053, 161.23888, 18.21857, 57.59286, 44.23978, -13.26880, -31.24774, -144.09111, -33.59922, -4.93671, 98.25995, 155.89042, -23.45616, -31.08755, -2.97368, 55.90620, 151.04182, 113.29161, -167.95725, -16.43803, 49.25509, 111.10350, -147.17385, 176.41104, -16.65283, -115.81071, 45.43919, 53.64996, -43.97473, 32.07303, 115.93144, 155.61033, 121.99574, -178.41230, 166.75412, 16.11301, -28.74887, 60.82146, 41.81115, 162.86167, -6.63092, -53.09763, -165.95501, 63.01699, 4.90242, -67.38003, 7.84200, 48.51626, 162.62725, -39.00460, -16.44696, 45.91069, 58.35353, 18.16983, 130.60165, 53.93419, -58.38819, -136.49157, -16.28706, 140.63108, 
 | Execution: 22 Overall Best: -88.1707 -> -165.3888 GPU Time (s): 2.26509717 and HJ Time (s): 67.15599418
 +==============================================================+ 
 | 23 -- Promising region found with value: -67.058121.
 | HJ uses 150214 / 150000 iterations [0.000369988485035127590266207376].
 | 23 -- Conformation 
 | 154.98205, -86.39422, -122.39340, -4.40172, 51.18533, 82.70788, -35.38657, 33.51271, -29.88428, 76.50160, -47.38986, 1.59269, 67.53229, -33.95336, -35.79025, 27.88511, 11.48377, 55.50686, 3.30950, -21.21532, 109.25512, 136.00588, 124.40418, 76.67833, -137.46729, -10.09026, -11.13155, -3.11097, -16.93314, 106.55456, -53.15463, -15.16952, 118.79372, -15.11110, -63.22172, -64.50421, 60.84870, -33.41225, 94.57012, -64.57558, -17.63925, 15.47744, -108.83732, -9.98884, -66.96835, -107.40206, 69.78829, 3.65996, -2.35822, 112.44245, 17.91409, 22.19207, 18.45286, -10.75280, -133.39006, 49.69592, 50.87942, 110.04928, -108.26762, 32.80213, -23.36839, 25.42764, -51.00134, 49.00493, 7.71717, 67.01467, -6.14522, -157.37704, 135.56761, -147.61747, 79.64773, -135.47165, -11.48750, 29.20841, -114.17494, 78.17341, 90.07536, 91.90420, 0.26241, -178.64217, 124.53932, -24.83055, -9.80303, -2.12101, -18.40716, -46.35547, 13.02179, 13.64838, -16.24583, -45.90953, 67.35731, -6.33398, 15.68687, -137.25936, 13.89370, 43.46336, -35.02357, -25.04947, -3.43458, 7.37480, -44.39037, -25.70216, 172.98689, 163.80807, -50.05326, -178.17690, -139.62110, 152.59292, 11.91572, -7.57865, -126.97093, -11.53738, 38.11866, -68.74432, 6.30913, 42.77575, 26.14814, -18.58494, -152.10134, 3.96698, -155.14804, -64.43856, 17.96199, -35.79347, -146.73068, -148.59922, -40.41166, -15.12300, 147.78018, 150.88636, 170.50640, 5.40805, 78.22143, 170.20184, 5.91962, -25.53642, 83.09675, 169.10320, -120.62548, -133.03110, -8.28499, 178.04179, -34.55425, -2.84134, 23.12523, -26.81337, -107.12598, -175.13611, 143.57322, -61.80341, -124.52916, 122.91475, 26.38036, 35.46910, 136.66023, -121.26729, -52.39726, -122.78202, -5.64715, 115.48040, 110.36044, 76.08576, 66.27327, -15.17103, -33.43705, -156.44676, -145.45794, -68.09481, -121.32021, -131.31487, 61.27842, 21.68814, 135.09427, 89.56501, -21.79140, 16.96444, 45.44178, 152.17233, 115.00348, -143.47275, -129.22967, -6.68576, 12.00960, 7.51937, -10.71726, -6.00793, 45.47600, 160.97541, 0.83847, 125.77322, 7.76296, 
 | Execution: 23 Overall Best: -67.0581 -> -155.0256 GPU Time (s): 2.21727246 and HJ Time (s): 67.13433743
 +==============================================================+ 
 | 24 -- Promising region found with value: -95.103729.
 | HJ uses 150038 / 150000 iterations [0.000859504455717143901229138070].
 | 24 -- Conformation 
 | 23.59790, -98.46355, 15.02692, -14.01295, 71.43354, 13.96098, -102.19599, -54.89362, 115.65706, 4.10830, -0.83313, 85.91376, 162.79841, 8.59491, 83.23319, -68.09161, -27.22853, 179.89816, -145.66330, -63.04042, 42.53108, 42.28117, -72.34978, 42.86365, 95.84403, -82.71185, -71.31077, -108.85964, -108.68623, -38.95387, 130.28213, 45.47250, -21.12144, 6.97209, -33.62219, 15.86697, -42.17095, -12.16906, -80.67643, -72.42978, -0.62213, -67.85388, -53.03036, 64.02554, -0.79728, 110.23970, 175.57143, 13.57492, -43.04188, 141.87369, 63.37954, -50.43936, 39.64666, 10.78260, -15.13886, -19.69111, -131.55141, -13.66470, 12.61409, 111.72375, -155.24766, -12.52178, 25.54824, 114.35476, 100.59518, 54.57553, 17.99940, 3.26677, 4.39087, -152.41350, 5.62286, 4.84633, -3.77845, -74.50230, -0.35256, 22.42276, 14.07645, -94.20645, 23.41021, -47.63009, -65.74404, -35.60793, -37.63714, 29.76439, 4.14206, 77.74965, -27.64338, 11.70720, 6.82522, -28.10747, 5.10178, 4.89295, 70.52277, 0.99097, 46.15959, -88.68627, 42.16075, 136.87790, 19.38155, -8.92831, 10.52066, 10.99173, 137.80342, 154.34266, 24.09423, 64.55163, 41.61702, -32.31830, -107.81890, -52.30313, -8.67791, -58.19531, -51.35630, -1.28305, -14.71220, 50.11156, 76.24038, 8.16090, -40.65728, -59.13462, -63.11062, -156.20004, 126.90277, -175.63789, -129.50429, 61.40652, -168.44811, 47.03576, 78.63015, 81.46869, 60.88612, 133.58894, 25.03952, 112.02300, 152.50287, 91.81648, -20.22829, 2.30996, -39.27158, -5.84167, 11.61231, 21.91680, -89.74037, -63.91164, -4.18760, -127.41280, -71.67219, -121.69901, -97.75827, 16.08111, 12.56736, -13.76596, -164.08618, 80.28174, 126.59252, -33.42545, -56.62018, -68.73551, -115.17330, -1.25556, 50.77145, -5.43395, 27.97348, 14.00712, -151.41597, -16.33928, 94.10533, 158.23272, -17.78968, 119.12475, 5.19941, 29.81205, -16.39471, -153.18445, 110.21436, 49.35319, -60.27879, 43.40931, 125.42912, 20.11468, 33.09517, -130.08578, 148.60438, 61.07511, 27.66875, 146.52108, -170.91418, -3.18372, 65.37021, 0.26067, -56.96771, 
 | Execution: 24 Overall Best: -95.1037 -> -151.1262 GPU Time (s): 2.65240771 and HJ Time (s): 66.92842293
 +==============================================================+ 
 | 25 -- Promising region found with value: -81.449516.
 | HJ uses 150303 / 150000 iterations [0.000696198609130886550237782284].
 | 25 -- Conformation 
 | 94.34523, -20.70432, -24.64490, -92.50310, 23.89103, 21.40265, 1.12322, 108.18585, -7.74409, -4.30734, -30.65210, 8.02676, 109.07515, 157.43220, 119.92105, -97.01625, -16.17031, -40.07220, 82.49414, -22.02437, -5.01504, 100.63657, -147.96573, -54.07065, 20.42327, -9.48483, -115.74435, 18.54979, 131.37010, 3.62330, 69.57575, 119.00745, -3.10392, -38.74910, 33.92048, -33.97861, -73.26676, 24.10844, 22.34262, -61.39393, 37.26507, 12.39187, -87.37695, -16.36095, -8.71929, 59.20050, 59.60605, 28.36458, -54.06711, -108.37205, -37.85211, -42.07750, 45.20918, -64.53755, -54.15163, 86.08118, -172.20095, -107.34484, 27.64319, -28.27953, 18.58297, 129.06691, 44.89279, 5.99643, -31.88213, -8.39031, -25.71969, -55.66129, 75.44338, -9.36411, -30.43482, 85.46336, 88.00062, 131.22824, 5.78165, -0.13521, -35.19496, 10.66380, 136.65244, 21.32826, -46.37013, -28.44923, 111.03473, 22.37157, -40.13502, -20.13261, -119.09883, 174.18374, -135.78983, -166.03935, -51.21298, -72.62066, 127.65000, -4.11248, -84.44907, 119.02859, -14.99211, 72.78417, -30.32786, -59.64388, -172.98494, -57.97670, 17.25060, -72.50806, 38.64812, -4.81242, 9.10880, 6.52244, -2.51214, -32.29395, -24.74016, 129.92008, 62.81745, -8.36760, 160.65850, -85.29911, -6.31735, 132.83532, -34.82321, -112.11960, -73.73548, -8.55141, 106.60001, 6.97778, 163.37101, -2.62442, 0.56068, -44.32480, 12.53154, -141.37619, -53.88737, -32.80571, 2.92775, -40.61647, -123.45223, 32.62067, -78.09355, -164.58052, 62.12031, 8.91683, -176.27677, 138.93609, -112.84977, -45.62028, -177.88593, -40.96608, -44.67427, -117.21830, -129.00164, -15.47334, -73.81866, 20.73651, 68.24824, -147.64787, -174.75046, -43.24144, -35.65957, 49.82077, 120.26880, 1.48022, 72.12989, 102.43567, 16.75372, -112.67071, -148.87864, 172.90364, 167.00432, 179.82823, -60.01244, 5.68175, 69.34869, 53.73706, -52.35425, -59.75600, 9.54332, -45.58274, -158.77065, -139.16346, -19.92400, -152.37485, 163.68378, -147.93595, -38.25007, 38.17340, 32.05208, -110.59686, -46.39285, 116.43520, 1.97578, 46.52005, 16.61599, 
 | Execution: 25 Overall Best: -81.4495 -> -144.3108 GPU Time (s): 2.32293066 and HJ Time (s): 66.95028782
 +==============================================================+ 
 | 26 -- Promising region found with value: -101.756233.
 | HJ uses 150090 / 150000 iterations [0.000696198609130886550237782284].
 | 26 -- Conformation 
 | 129.17181, 14.14000, -49.92702, -55.08449, -26.04932, 35.41542, -33.50086, 10.07039, 31.88254, 14.88913, -18.88023, 45.62492, -155.56041, 105.00988, 92.00232, 7.63445, -139.37369, 6.09917, -43.88680, -15.16502, -123.50120, -154.20717, -75.04407, 16.00005, -36.89376, 49.72863, 30.56489, 9.09890, -35.14926, 34.52602, -42.96348, 30.80781, 64.96739, 170.97736, -49.65158, 66.24402, -1.85819, 78.36965, -93.47572, 29.99494, 148.04317, 14.51190, 14.41287, -101.38147, 2.40401, 7.44510, -18.07606, 22.80161, -30.82610, -106.91333, -46.84713, 14.42570, -6.49567, -37.26609, 22.75649, 88.49556, 45.25137, 10.76013, 84.10170, -114.93043, -3.00332, 62.32035, 10.37272, -63.49712, -5.99361, 65.08331, 3.95589, 36.26837, 15.09234, -90.68215, -25.74236, 128.06817, -67.46651, -132.30479, -35.82991, -79.22433, 116.37839, -39.68416, -34.64440, 106.66806, -52.60679, 77.37049, 165.79837, -159.09430, -68.45090, -21.88345, -21.25785, 84.81167, -8.07333, -91.45884, 37.96324, -2.45587, -10.49280, -164.03271, 22.64725, 112.14649, 8.38846, 122.47436, 14.86858, -17.53711, -172.89548, 13.26295, -108.09788, 6.06700, -106.20802, -75.29562, -132.83574, 42.74917, 61.15285, -2.80814, 62.54703, -134.99333, 64.78180, -37.92660, 26.57490, -4.19102, 60.46067, 25.53566, -91.11160, -155.05245, -146.08335, -50.04685, 36.42645, -36.36327, -152.90388, 34.34663, 120.19730, 3.19271, -154.22191, -75.35019, -132.52787, -112.60425, 12.02120, 118.48158, -7.45285, -14.75339, 95.72908, 21.50184, -1.10083, 24.50400, 137.07057, -164.01156, 97.54572, 41.88323, -50.88079, 37.63366, 21.74925, 40.48640, -27.96578, 77.91214, 56.07497, 179.69737, 159.79702, -73.87324, -52.64726, 13.47103, 121.52064, 74.44782, 24.28088, -88.17475, -11.41343, 58.42547, -16.97033, -111.09707, -1.60489, -27.92569, -33.74450, -179.40267, 21.36041, -85.81160, 17.43341, 138.47025, 160.49860, -138.34413, -107.41793, -137.73377, 61.93614, -17.25945, 17.86935, 36.14828, -17.32838, -125.11895, -169.33176, 21.93010, -5.37875, -46.38017, 10.34013, 123.54302, 44.75539, 41.73322, -39.82668, 
 | Execution: 26 Overall Best: -101.7562 -> -153.8870 GPU Time (s): 2.47465356 and HJ Time (s): 66.84597898
 +==============================================================+ 
 | 27 -- Promising region found with value: -78.073181.
 | HJ uses 150126 / 150000 iterations [0.000696198609130886550237782284].
 | 27 -- Conformation 
 | 19.01997, 34.53269, -51.31819, 44.23441, 62.80239, -12.89982, -68.69820, 50.73386, -25.47101, 1.45533, -32.35976, -49.90651, 65.46882, -22.21397, -3.65917, -175.64008, 3.67628, -51.98165, -89.45207, 78.30675, 35.08622, 62.28222, 5.27559, -109.36485, -3.45223, -166.20282, 60.68209, -7.39829, -2.84541, -81.80044, -56.71716, -120.32690, 58.24744, 1.86845, 0.83650, 172.91573, 13.81347, -5.76097, -11.83419, -119.73164, -10.00616, -13.60367, -35.77645, -98.97348, -126.55498, -29.42278, 43.50869, 11.03636, 24.85500, -36.20444, -86.03247, -169.22970, -75.57893, -1.91179, -51.93812, -45.32976, 47.39657, -2.80767, -20.02370, 77.90850, -0.85080, 11.15309, -99.76323, -4.52589, 84.20521, -115.88615, 73.74621, -176.10732, -78.84128, 85.31535, 71.85165, 131.70948, -86.60374, 19.57296, -7.99819, 106.08484, 44.03308, -66.26845, 151.71282, 42.20865, -40.24491, 109.91301, -95.08555, 4.13670, 15.87120, -5.29602, -139.81006, -150.84990, 10.97858, 34.03648, -1.50511, -38.13826, -18.52609, 87.95184, 10.24787, 151.08698, 114.22702, 143.58598, -148.70838, -155.98132, 28.63924, -19.70143, -114.38953, 151.75732, 88.52504, 119.68061, 61.98919, -152.43335, -69.66863, -122.11418, -118.05738, 52.56687, 36.19361, 160.76077, 51.72178, -52.59788, -60.95237, -62.36512, 7.39330, 66.51939, -166.93049, 50.42079, 175.36534, 115.18430, 32.97105, -76.02826, 22.25398, -90.59713, -115.10807, -8.59859, 148.22734, 3.80460, -105.89008, -150.66953, -116.54572, -144.29787, 103.15306, -168.68108, -7.93126, -38.71321, 31.61514, 51.29056, 172.18343, -158.86905, 79.91206, -4.70907, 66.48109, 174.27505, -123.30755, -162.45395, -70.46965, 150.60247, 95.86871, 115.02544, 26.31586, -84.87510, -179.56475, -149.71926, -65.34994, 154.72425, 21.02864, -158.35885, -67.36367, -20.47761, 179.59165, -176.01269, -32.45321, 160.21714, -100.64137, 14.15546, 2.89656, -3.46089, 6.67041, 178.46739, 174.49834, 44.20366, 14.59960, 106.87162, 45.97924, -54.80802, -103.37328, 177.60944, 175.85475, -0.85441, 46.29697, -61.60414, -6.07096, 107.11914, 0.08814, -50.32885, -7.48585, 
 | Execution: 27 Overall Best: -78.0732 -> -154.5126 GPU Time (s): 2.15346582 and HJ Time (s): 67.14275694
 +==============================================================+ 
 | 28 -- Promising region found with value: -79.039093.
 | HJ uses 150513 / 150000 iterations [0.000696198609130886550237782284].
 | 28 -- Conformation 
 | 84.71214, -36.64059, 3.55011, -45.16516, -20.23558, -127.11218, -59.97137, 99.16452, 40.35712, -88.88877, -7.92478, -0.23780, -6.42526, 6.92833, 14.00369, -28.37355, -164.31771, -41.08209, 17.93261, -149.15886, -12.98937, 62.78246, 145.70078, 28.83688, -18.97859, 40.87932, 98.66529, -44.76465, 88.82318, -27.48292, 82.05847, -28.90762, 91.43285, 24.15320, -18.85459, 50.66188, 3.95988, -96.49246, 41.04950, 86.15166, 11.91663, -1.11762, 38.00301, 13.63876, -64.28642, -95.97699, -65.27810, 27.68418, -18.86051, -134.30202, -27.30524, 1.83088, 10.40960, -84.72612, 23.06113, -5.46366, -116.66657, 61.57897, 5.70666, -89.62988, -3.52007, -28.89815, -103.33566, 164.57241, 132.34436, -1.48187, 7.34267, 2.34230, -1.90164, -84.91680, -0.04443, 43.67266, 40.25922, -36.24290, -170.62214, 171.52892, -101.15897, 30.22281, -48.30577, -108.61888, -11.65782, -57.28130, -32.56319, 88.98835, 41.57572, -10.64466, -5.88403, 18.14164, -59.58311, 75.39733, -66.94506, 56.12305, -61.39275, 26.49106, 23.14063, 27.81019, -47.85741, -57.64429, 40.68704, 111.86761, -29.91044, 81.91565, -146.78976, -4.33415, 62.05853, 88.56746, 119.96853, 117.87887, 77.12051, 12.45357, 64.89383, -6.32069, -26.08775, -152.91679, -63.08326, 135.58106, 51.82684, 1.19155, 17.28076, 137.62067, 167.58732, -163.33157, -48.71289, -168.22328, -11.93902, 11.73613, 30.07759, 3.05851, 24.78459, 151.34288, 138.81329, 169.77242, -156.54704, -27.00631, -19.51375, 115.70050, -0.10564, 3.34514, -111.42211, -107.11832, 8.38665, 61.89170, -7.73513, 21.79467, 4.06300, -10.81973, -53.99459, -72.90040, -27.55372, -86.88069, -168.24608, 137.67498, 5.02688, 142.91187, 119.10027, -24.95301, -24.67123, -38.90127, -165.52654, -45.10619, 179.61991, -118.63924, -131.63188, -132.92783, -164.61833, -50.54963, -173.24513, 149.63342, -2.25296, 55.19900, -10.87456, -12.50565, -34.04505, -153.79138, -164.08563, -127.17721, -0.90974, -108.66438, -10.58914, -119.74741, -42.57931, 59.31593, 72.94027, 79.77513, 140.16927, 3.24667, -163.59358, -172.70040, -36.95443, -27.44630, 84.55716, 
 | Execution: 28 Overall Best: -79.0391 -> -153.5999 GPU Time (s): 2.20272852 and HJ Time (s): 67.24184108
 +==============================================================+ 
 | 29 -- Promising region found with value: -95.885605.
 | HJ uses 150429 / 150000 iterations [0.000696198609130886550237782284].
 | 29 -- Conformation 
 | 2.91829, 52.56272, -71.20388, -7.26833, 127.62566, 35.10951, -79.00384, -36.82829, -107.25508, 112.01829, -57.74121, 66.51438, -45.90260, -69.72644, 49.37004, 136.26660, -124.47642, 86.02132, -3.32941, -31.93453, 29.87565, 121.43206, 40.86156, 28.93740, -3.54184, -15.64820, -70.91830, -30.81123, -8.79816, -40.78876, 11.32910, 58.18932, 156.28305, 25.86623, 86.54574, 130.20166, 23.23496, -4.16760, -59.99470, -85.58591, -42.11494, -126.19892, -47.11114, -17.86855, 49.27263, 158.00338, 76.07438, 17.84639, 34.94347, 35.71636, 0.35317, 20.88306, 25.53931, 30.75482, 103.81242, 39.85465, -3.61195, 13.99001, -57.74082, 25.01399, 14.25900, -94.68590, -11.12177, -1.30095, -120.49490, -141.41456, -76.89604, -15.45764, -89.92566, 12.03321, -22.30896, 143.87977, -25.76570, 19.57454, -46.33612, -170.97098, 23.47923, 21.49910, 53.77065, -65.10968, -7.50456, 103.96627, 1.17500, -7.40651, 22.09016, -20.35222, 0.39733, 0.07059, 2.61757, -18.23687, -21.58936, -34.11120, 10.81266, 3.59937, 13.05137, 30.32039, -128.80179, -17.46369, -176.55687, 23.28883, -53.16850, -42.55695, -167.47398, 49.58621, -160.14798, -3.09920, -162.44133, -145.26378, 173.94173, -8.01398, -22.66640, 61.99184, 137.71196, -143.39279, -176.35901, -27.69983, -150.56368, -143.72456, -28.39682, 36.04118, -32.35964, -143.00070, 144.24162, 157.64149, 175.70209, 45.68610, 54.05957, -144.66288, -106.54715, 15.97205, 36.33133, 83.76413, -7.52582, -48.82908, -135.17195, -9.68976, 1.87116, -42.66780, -158.81087, -127.62926, 43.25611, 12.59423, 11.60162, -49.64408, -162.57109, -54.46293, 5.58400, -35.28356, 7.16092, -165.85334, -43.92389, -172.43381, -173.51134, 27.35748, 165.09512, -80.46856, -135.12925, 21.37762, -8.60121, 59.44084, -20.58784, -21.51646, -131.94550, 176.98360, -68.67854, -81.89301, 12.60722, 103.81615, 22.07543, -176.91781, 126.55967, -9.78576, -120.06971, -137.22302, -179.26281, -168.92032, 170.18077, -154.35854, -102.03236, 0.05528, 29.33400, -74.34802, -135.59198, -111.68344, -114.84792, -43.17349, 20.68962, 149.38314, -140.09476, 157.35486, 43.04179, 
 | Execution: 29 Overall Best: -95.8856 -> -150.4849 GPU Time (s): 2.25835522 and HJ Time (s): 67.22202492
 +==============================================================+ 
 | 30 -- Promising region found with value: -73.051628.
 | HJ uses 150070 / 150000 iterations [0.000563920873396018141471275342].
 | 30 -- Conformation 
 | 94.87357, -16.64857, -19.97668, 37.15334, 179.38722, 8.91128, -18.43261, 86.94846, 176.80391, 9.72853, -104.85901, 78.32561, -1.92915, -33.19981, 165.88262, 79.38595, -27.82152, -91.87412, -60.73470, -54.05855, 1.78108, 88.79067, -95.31890, -72.36832, 63.49312, -32.06329, -93.09489, -35.53005, 81.32621, 6.19031, 29.38578, 26.25190, 95.68904, 8.76321, 45.99459, -140.72983, 46.69864, 24.62210, -143.38590, 20.45533, 167.08672, -2.02804, -37.58487, -147.48348, -125.02859, 69.26187, -176.56513, 9.25914, 31.50108, 54.32037, -21.31832, -16.14571, -9.21174, 21.13064, -42.37733, 57.49898, 88.30398, 87.17734, -28.97044, -21.12229, -20.75595, -0.07777, -94.03493, 43.89429, -121.96927, -8.87602, 13.88461, 12.94190, 60.95807, 79.79484, -74.54163, 5.48174, -2.45098, -0.02434, -22.60942, 87.07860, -79.91954, -157.37438, 9.52290, -33.46781, 86.48167, -167.93676, 12.96770, 31.23904, 4.77787, 67.78444, -6.59066, -34.71221, -77.84408, 83.41133, 74.03913, 118.41243, 59.53875, -70.47011, -175.06856, -119.33300, -107.16795, 170.53916, -67.55659, -171.67746, -117.03485, -0.18632, 128.14709, -3.90589, -119.75328, -53.01102, -175.15615, -73.94257, -62.05014, -52.53356, -19.01172, 20.13396, -13.89602, -133.81386, -59.55104, 44.46202, 16.69074, 165.22808, 48.70709, 135.18964, 112.69540, 132.85303, 91.01257, 124.73494, 137.42569, 18.73799, 13.53158, -133.81579, -90.31805, -157.15020, -49.05343, -177.50562, 82.28033, 140.73839, 6.53029, 60.32391, 7.38084, 75.12627, -19.27512, -4.03486, -62.31609, -166.83986, -124.09992, -85.25580, 26.73289, -43.55622, -104.72085, -135.32155, -153.06974, -3.19656, -134.72508, -15.17241, 16.50892, 12.60335, -38.55798, -153.68199, -106.19738, 157.05545, 20.64234, 46.74757, 91.82786, 58.60379, 101.43768, 71.96591, 79.61850, 151.93052, -107.43546, -7.13085, -116.16742, 2.22346, 7.81395, 136.97419, -17.56469, -80.99335, 163.67030, 45.53070, -132.04853, 52.02894, 110.52615, 163.18444, 165.74186, -1.31024, 8.41838, -22.97675, 172.36404, -75.97546, -148.76809, -3.55188, 151.77030, 145.07498, 6.39517, 
 | Execution: 30 Overall Best: -73.0516 -> -155.5547 GPU Time (s): 2.17979492 and HJ Time (s): 67.01557899
 +==============================================================+ 
 |                     EXPERIMENTS RESULTS                      | 
 +==============================================================+ 
 | Objective Function:
 | 	 mean:         -1.54387268066406250000E+02
 | 	 std:          +1.05875701904296875000E+01
 | Execution Time (ms): 
 | 	 mean:         +2305.031
 | 	 std:          +163.364
 +==============================================================+ 
(base) matz@matz-desktop:~/Documents/3DcuHjDE$ 
